DEPTH 9
BIASLOC 520
WIDTH 6 8 8 8 8 8 8 8 8 3 

INPUT_AVE 0.00245667 0.0186009 0.0124798 0.00849958 0.278677 0.489359 

OUTPUT_AVE 0.492567 0.245502 0.268205 

DATA 587
0.413567 -0.492705 0.466264 -0.259338 0.37149 -0.509592 -0.00312499 0.38679 -0.666231 0.13328 -0.719913 0.155231 -0.66502 -0.0485197 -0.44679 0.473516 -0.188934 -0.733371 0.215423 -1.06273 0.616472 0.461601 -0.330104 -0.0658644 0.0387682 -0.795084 -0.032837 -0.00610905 -0.296104 -0.115308 -0.681312 0.213139 -0.897441 -0.568443 -0.339793 -0.57006 -0.479234 0.947712 -0.159426 0.545744 0.767466 0.425556 0.412937 0.384722 -0.398993 -0.104021 -1.10009 -0.233551 0.022863 0.0570481 0.814616 0.833264 0.465187 -0.236606 -0.238924 0.296642 0.555201 -0.160459 0.261423 -0.181734 0.409058 0.572951 0.221251 -0.553788 -0.178288 -0.37836 0.462724 0.233354 -0.582914 -0.81276 -0.617955 0.992215 0.288211 0.539467 0.739762 0.436666 -0.797994 0.798327 0.839784 0.752935 -0.0816137 0.6863 -0.42253 -0.484446 0.75516 -0.890778 0.792082 1.14219 -0.133714 0.780943 0.857609 -0.615849 0.964895 -0.909796 0.670773 -0.643706 -0.741712 0.461758 0.439943 -0.9291 -0.960256 0.704225 0.129346 0.546027 0.11649 0.181619 -0.464209 0.0146245 0.202511 0.217176 0.93331 0.627035 -0.799046 0.18057 0.433436 -0.204491 0.858371 -0.656935 -0.55717 0.191386 0.243518 -0.331015 0.0875143 0.648701 -0.154303 0.968308 0.709162 0.385249 -0.682828 0.608268 -0.749575 -0.345872 0.223264 -0.311231 -0.698998 0.250513 -0.276034 -0.174617 0.456438 0.87765 0.407676 -0.647683 -0.454904 0.798265 -0.0824668 0.831583 -0.279207 0.0693703 0.799949 0.302066 -0.861541 -0.266866 -0.32946 -0.359636 0.706059 -0.0235225 0.374746 -0.695689 0.72209 -0.381379 0.710693 -0.508184 -0.258918 -0.450487 -0.606075 -0.193565 -0.353571 -0.783044 -0.642826 -0.727449 -0.586313 0.0297123 0.383889 0.0647252 -1.22662 0.0414198 0.485099 0.179743 0.761505 -0.204465 0.654384 1.03674 0.775747 -0.197376 -0.255473 -0.704159 -0.47842 -0.881586 -0.323666 -0.365862 -0.311345 1.12652 -0.039547 0.424575 0.464843 -0.538988 0.660834 0.787701 -0.0533892 0.0984492 -0.569451 0.914828 -0.83746 0.469373 -0.577425 -0.180559 0.826085 0.264226 -0.940512 -0.728152 -0.952878 -0.211069 0.730827 -0.70832 0.649495 -0.918982 -0.58278 0.820352 0.0520476 -0.0601075 -0.571221 -1.24116 -0.736054 -0.117293 -0.748988 0.76382 -0.11163 0.050315 0.152647 0.0949812 -0.403853 -0.888288 0.330934 -0.0143488 -0.531096 -0.512466 -0.182731 0.547366 -0.807516 -0.213388 -0.133018 -0.637625 -0.200193 -0.593561 -0.443004 -0.0416316 0.680477 -0.850955 1.00998 -0.919219 -0.443998 0.0861648 -0.0277369 -0.736391 -0.50174 0.798045 0.553756 0.342788 0.448284 0.00290048 0.318502 -0.431607 0.766369 -0.55548 -0.0753017 0.755908 0.101567 0.104254 -0.506174 -0.187527 -0.746829 0.898814 0.455232 0.87902 0.108769 0.109708 0.143725 -0.913028 0.846033 -0.391235 0.552848 0.630512 -0.429183 -0.266868 -0.467534 0.246953 0.00996299 0.13152 0.588255 0.0463034 0.572369 -0.537047 -0.445891 0.684035 -0.636118 0.904373 -0.663251 -0.0702976 0.206003 0.210196 -0.615974 -0.157044 0.767439 -0.585783 0.21398 -0.914711 -0.391861 0.0568166 -0.0891207 0.526073 -0.911297 -0.288806 0.998047 0.479382 -0.432223 -0.34677 -0.963096 -0.543133 -0.640853 -0.767808 -0.107216 -0.374821 -0.707021 0.579274 0.0868291 0.604504 -0.726162 -0.14055 -0.562345 0.445611 0.315476 0.0752515 -0.723426 -0.929217 0.177697 -0.0254203 0.376357 0.641631 -0.421525 0.525929 -0.070136 -0.347713 0.330933 0.295681 0.16871 -0.732621 -0.84085 0.286767 -0.0747567 0.876697 -0.186517 0.886971 0.64888 0.685376 -0.357535 -0.611633 0.690054 0.617373 -0.241348 -0.105252 -0.754778 -1.14549 -0.0733366 0.150989 -0.238454 -1.13082 -0.775318 0.153219 -0.430395 -0.207417 -0.471146 -0.567484 0.163998 -0.377141 -0.281104 -0.805624 -0.468384 -0.563115 -0.19206 0.0901808 0.760797 -0.973802 0.0289354 0.418446 0.102829 -0.359162 -0.80896 -0.164857 0.881452 0.630937 -0.80149 0.565262 -0.265134 0.931801 -0.778166 0.643264 0.694918 0.554481 -0.201699 -0.603015 -0.340851 -1.07953 -0.820353 -0.878139 -0.167316 0.346676 0.340888 0.904903 -0.149747 1.15148 0.705188 0.765101 0.542651 -0.000217843 -0.641 -0.718748 -0.636676 0.0649645 0.0650743 0.136784 0.355508 0.187202 -0.53729 0.322621 0.433055 0.219042 0.91428 0.353211 -0.0998344 0.271361 -0.302392 -0.657011 0.369004 0.59331 0.344472 -0.175248 -0.708056 0.735123 -1.03915 0.451599 -0.394247 -0.532717 -0.0896277 0.489504 -0.351158 0.529931 -0.513632 0.188499 0.44975 0.381623 0.868955 -0.516567 0.717179 0.759106 -0.237296 0.137843 -0.124002 0.463684 0.292502 -0.876412 0.89176 -0.0595278 0.897942 -0.450349 -0.488127 0.454705 0.00994752 0.413281 -0.8973 0.0335497 -0.918695 0.801611 0.622482 -0.287878 -0.382055 0.868955 -0.0485183 0.312402 0.555273 0.00203858 -0.292409 -0.601077 -0.266741 0.680536 -0.323201 0.0518277 -0.363993 0.0207504 -0.377708 -0.909658 -0.861261 -0.245033 0.165036 0.27602 -0.607662 0.440766 -0.247916 -0.668404 -0.428896 0.778304 0.0643351 0.31221 0.76826 0.76557 -0.584026 -0.485466 0.737275 -0.512256 -0.233433 0.698695 -0.257599 0.394671 0.0767731 -0.661599 -0.579661 -0.0988475 0.83334 -0.419582 0.396131 -0.167054 0.608981 -0.487866 0.420074 -0.083443 -0.423502 0.76091 0.529809 0.52278 -0.00389738 -0.427755 -1.24575 -0.0336548 0.546619 0.27109 0.436321 0.384385 0.691253 0.0192019 0.88799 -0.164224 0.159261 0.131396 0.541901 -0.484739 0.495792 -0.544072 -0.602659 -0.794153 -0.112699 0.900651 -0.101772 0.772553 -0.5789 1.21754 0.943762 0.697527 -0.448184 0.4391 -0.185345 0.205337 -0.0367225 -0.188992 0.610091 0.809182 0.960331 -0.234513 0.684996 0.260957 -0.715976 -0.591184 -0.323006 0.694046 -1.02549 0.196205 -0.264724 0.112293 0.725276 -0.633144 0.832765 0.895866 0.807527 -0.770561 -0.65101 -0.789443 0.443254 0.909557 -0.432315 
