DEPTH 9
BIASLOC 520
WIDTH 6 8 8 8 8 8 8 8 8 3 

INPUT_AVE 0 0 0 0 0 0 

OUTPUT_AVE 0 0 0 

DATA 587
0.108652 0.0707106 0.740958 0.559691 -0.77348 -0.0234774 -0.118097 -0.561736 0.419712 0.718756 0.777482 -0.0151566 -0.429125 -0.175514 0.58596 0.0253578 0.126008 0.742155 -0.912078 -0.763894 0.838246 -0.253587 -0.739611 0.101963 -0.486009 0.0876833 0.109124 -0.408292 0.541299 -0.85124 -0.0394588 0.0702117 -0.854438 -0.713808 -0.315162 0.00383121 0.336066 -0.42187 0.639484 0.438519 0.123564 0.532058 -0.459757 -0.706164 0.677371 0.175977 0.07695 0.72067 0.457155 -0.472889 0.134203 0.165577 -0.0308054 -0.0788441 0.182716 0.0524982 0.914303 -0.537685 0.536256 -0.325889 0.30798 -0.907716 -0.683058 0.490525 -0.593341 0.911691 -0.888828 0.772957 0.866107 0.713259 0.0591118 0.480811 0.0724238 0.520408 -0.867714 0.214205 -0.432197 -0.10959 0.914701 0.5012 0.892421 -0.528538 0.801913 0.912891 -0.155523 -0.914852 -0.516012 0.530898 0.495338 0.609253 0.457547 0.234821 -0.113375 0.104787 0.756588 0.667876 0.908086 0.907305 -0.608998 0.685077 0.771014 -0.926939 0.205152 0.0548711 -0.737875 -0.65681 -0.86167 -0.917032 0.909647 -0.674974 -0.0265728 0.441203 -0.473747 0.304461 -0.330983 0.0270225 -0.752879 -0.0621575 -0.887708 -0.132552 -0.263546 -0.861471 0.107555 -0.19327 -0.281087 -0.585596 0.678168 -0.359518 0.903138 0.0190462 -0.0801129 0.029636 -0.149133 0.572121 -0.0917851 0.402964 0.470164 0.419131 0.394039 -0.52098 0.0534926 -0.0228016 -0.419834 -0.0807804 0.692825 0.604056 -0.689878 -0.840318 -0.351139 -0.690952 0.770661 -0.908495 -0.361893 0.344846 0.832068 0.497499 -0.289192 -0.121631 -0.558272 -0.928936 -0.225968 -0.672315 0.709209 -0.259104 -0.654897 0.509779 0.693581 -0.680173 0.615933 -0.552754 0.303764 -0.0209813 -0.749185 -0.409157 0.553226 0.408124 0.325296 -0.163669 -0.632297 0.369459 0.712909 -0.210012 -0.0118713 -0.560124 -0.772044 0.340333 0.0507091 -0.117667 -0.813963 -0.363321 0.314222 0.835889 -0.852075 -0.363199 0.11504 0.179499 0.0501285 -0.505706 -0.697286 -0.378932 -0.935565 0.929591 -0.559559 0.787071 -0.0997179 0.426871 0.494054 0.0784385 0.576018 0.732773 -0.885441 -0.796076 -0.426773 -0.00348014 -0.847888 -0.10846 -0.428776 0.372748 -0.277658 0.69917 -0.0202888 0.459645 -0.654699 0.699577 -0.504135 -0.854319 0.0655907 0.626434 0.190534 0.181862 0.344001 -0.0534362 0.128105 -0.607266 -0.0388101 -0.896949 -0.917175 0.77946 -0.804522 -0.28418 -0.515964 0.16013 -0.402692 -0.889821 -0.0620511 0.870986 -0.15275 -0.589105 0.526251 0.129209 -0.50438 0.440512 -0.516957 -0.0146255 0.908738 -0.00787973 0.0349517 -0.0915123 -0.216398 -0.78221 -0.744962 0.758886 -0.751938 -0.342518 -0.890416 -0.609443 0.47328 -0.610694 -0.854347 -0.726668 -0.200001 -0.826271 -0.53439 0.00944972 0.0878209 -0.743872 -0.0398366 -0.205692 -0.249889 -0.881838 -0.106684 0.298145 0.0110775 0.331101 0.294737 -0.591922 0.504313 0.26925 -0.942641 -0.167576 0.345401 0.126373 -0.674709 0.129123 0.219674 0.595926 0.170463 -0.503861 0.431283 0.930255 -0.361946 -0.118291 0.01537 -0.896287 -0.044203 0.931942 -0.630586 -0.532785 -0.0181075 -0.0908124 -0.541137 0.463244 -0.703517 -0.340573 0.894919 -0.286816 -0.786037 -0.582216 -0.419275 -0.00647593 0.715856 0.31999 -0.64455 0.0447341 -0.939136 -0.0557292 -0.267872 0.520101 0.0205681 -0.215336 -0.742781 -0.802924 -0.83202 0.716857 -0.844279 0.429672 0.0504006 -0.893115 0.131968 -0.812246 -0.28959 0.625817 -0.0083009 0.72343 0.641093 -0.0169514 0.0610409 0.714695 -0.946837 -0.697603 0.627693 0.367901 0.48404 0.655528 0.0564774 -0.316758 0.296252 0.327592 -0.131696 -0.373726 -0.367898 -0.088047 -0.616074 -0.822967 0.760196 -0.00920242 -0.190906 -0.696541 0.833629 -0.84001 -0.857033 0.192275 0.241428 -0.242277 0.170585 -0.350441 0.347446 0.781961 0.874723 -0.470128 -0.491165 -0.317488 0.370423 0.776432 -0.927703 -0.278663 -0.0283252 0.856685 0.13527 -0.768759 0.826611 -0.634962 0.565736 0.447108 -0.413625 -0.570421 -0.931008 -0.649582 0.108083 -0.565714 0.729879 -0.524948 -0.766791 -0.340588 -0.935283 0.240801 0.342193 -0.901316 0.372644 0.209134 0.937486 -0.911776 0.492026 -0.288453 -0.122325 -0.538915 -0.386382 -0.904091 0.811288 0.200192 0.214051 -0.18967 0.4419 0.94976 -0.279797 0.105172 -0.302812 0.252977 0.526176 0.498638 -0.639353 -0.450247 -0.113499 -0.709911 -0.914046 0.494365 -0.379593 0.93773 0.602303 0.226955 0.49951 0.512272 -0.836212 -0.627125 -0.162049 0.0522617 0.876661 -0.0370923 -0.238286 0.356093 0.568519 0.165865 0.456943 0.447058 0.131903 0.277563 -0.111027 0.477608 0.208472 0.043866 -0.0450898 -0.0104744 0.855199 -0.471589 -0.907606 0.585903 0.0636469 -0.107007 0.11467 -0.36663 -0.563496 0.429203 -0.745248 -0.329349 -0.112474 -0.16685 0.075309 0.940907 0.9245 0.909186 -0.927317 -0.170728 0.318214 -0.663707 0.293259 0.236624 0.877789 0.360437 -0.833928 0.302731 -0.382164 -0.19277 -0.317062 -0.501604 -0.489643 -0.750169 -0.655407 0.840866 -0.497864 -0.315744 0.916874 -0.815319 -0.51532 -0.813788 0.50533 0.418683 -0.609654 -0.53849 -0.746354 -0.537374 -0.575427 -0.213311 0.73703 -0.574412 -0.368834 -0.0860539 -0.510153 0.929197 0.637166 -0.200249 0.539579 -0.675184 -0.94152 0.467615 0.0958421 -0.608453 0.0364869 0.64013 0.0637882 0.0616099 0.242708 -0.207967 -0.493224 0.212364 -0.425884 0.453455 0.153554 0.284715 0.611361 0.318769 0.63488 -0.594027 0.103481 -0.876639 -0.793994 -0.00764614 -0.906837 -0.296108 -0.341464 -0.687774 0.124803 -0.373929 0.904336 0.539421 0.874854 -0.75501 -0.107151 0.681182 -0.240661 -0.468898 0.517925 0.715794 0.268094 -0.755546 -0.181106 0.00926691 -0.567502 0.373556 0.359116 -0.234419 0.310281 0.635421 -0.42703 0.677582 0.233978 0.728244 -0.0716255 -0.821416 0.257488 -0.834229 -0.630856 -0.907565 -0.552079 0.63424 0.729703 0.873611 0.112894 
