DEPTH 9
BIASLOC 520
WIDTH 6 8 8 8 8 8 8 8 8 3 

INPUT_AVE 0.00245667 0.0186009 0.0124798 0.00849958 0.278677 0.489359 

OUTPUT_AVE 0.494651 0.493053 0.484597 

DATA 587
0.123946 0.364506 0.329305 -0.500143 -0.230445 0.527419 0.524816 0.684719 0.447376 0.334048 -0.142631 -0.459917 -0.112456 0.78497 0.446057 0.692762 -0.378716 0.322837 -0.233368 0.667002 -0.132172 -0.142363 0.39053 0.587886 0.429576 0.145841 -0.618913 0.940423 -0.012903 -0.00972247 0.339826 -0.58421 0.384324 0.441024 -0.281834 -0.580694 0.57028 -0.598215 -0.414121 0.837832 -0.569247 0.528492 -0.330393 0.464188 0.136785 -0.598173 0.247862 0.563722 -0.130209 -0.610639 -0.78969 0.674071 -0.400433 -0.0646278 -0.191799 0.0941213 0.509525 0.860468 0.182388 0.829965 -0.5034 -0.238572 0.212664 0.101166 0.671145 0.926355 0.914732 -0.343187 0.834723 0.10284 0.907322 -0.297311 0.598103 0.147033 0.291296 0.202572 0.429935 0.135191 -0.534409 -0.477957 0.271443 -0.559703 -0.253935 0.364986 -0.636942 0.717108 -0.181732 0.306669 0.252261 -0.317424 -0.378614 0.228686 0.390097 -0.907776 -0.735319 -0.278396 0.324665 -0.470127 -0.162558 -0.808666 0.272274 0.466435 0.609314 0.677796 0.0294194 0.244768 0.297631 -0.451817 -0.84908 -0.80254 0.237361 -0.768658 0.28229 -0.0478391 0.858197 -0.407743 0.0455654 0.806966 0.747528 0.271694 -0.694333 0.846376 0.571931 0.083149 0.695466 -0.306514 -0.411089 -0.185333 -0.221461 -0.410351 0.217044 0.244271 0.949571 -0.769304 -0.568813 -0.543617 0.0467876 0.436848 -0.843629 -0.25431 0.919722 0.274821 0.252921 -0.347881 0.0113463 0.23592 -0.694952 0.425435 0.545295 -0.324358 -0.313661 0.332884 0.939865 -0.00211841 -0.183381 0.854129 -0.377425 0.221867 0.373839 -0.362777 0.290041 0.373256 -0.0131198 0.225666 0.242071 -0.712531 0.46514 -0.138264 -0.608466 0.573041 0.00391138 0.480218 0.431323 0.604946 -0.359294 -0.200199 0.771306 -0.288804 0.486174 -0.106471 -0.288381 -0.916784 0.474508 -0.799287 -0.693035 0.000266492 -0.0331294 0.0745959 0.252167 -0.693756 -0.329112 -0.586397 -0.748592 0.253068 0.617029 0.28036 0.314966 0.884213 -0.313083 -0.194699 0.110691 0.49781 -0.235142 0.313725 -0.35087 0.447846 0.240493 0.890454 0.460351 0.166408 -0.0877084 -0.248997 0.220875 -0.738137 -0.810906 0.364406 -0.387035 0.487932 -0.432086 -0.583304 -0.586732 -0.219541 0.569641 -0.865104 0.0049544 -0.758592 -0.917881 0.357062 0.376469 0.909051 0.718126 -0.802867 -0.550851 0.442481 0.767138 0.175882 -0.20501 -0.648592 -0.40913 0.0501873 0.0360894 0.145221 0.656124 -0.375594 -0.072628 -0.436044 -0.78202 0.646858 0.523865 -0.260063 -0.782911 -0.589237 0.553219 0.247801 -0.577658 0.569777 0.849336 -0.234375 -0.658107 0.88331 -0.378814 -0.620826 0.405309 0.732201 0.669498 -0.363067 0.608969 -0.150247 0.898633 -0.946215 -0.117437 -0.414842 -0.764407 -0.434227 0.510616 -0.690253 -0.415335 0.00604236 0.262001 0.522525 0.536959 0.59695 0.694957 0.798904 -0.813854 0.877504 -0.150603 0.762371 0.326242 -0.193823 -0.659559 -0.209519 0.229111 0.471092 0.922537 0.770189 -0.888706 0.562031 -0.548836 -0.942159 0.335813 0.342297 0.62199 -0.0203211 0.32304 0.620139 0.262179 0.115477 -0.567418 -0.166457 0.0534405 0.471225 0.821835 -0.914503 -0.853106 -0.863996 0.879704 0.374289 0.101151 0.432981 0.17351 -0.194134 -0.057672 -0.70948 -0.598983 0.11601 0.00725877 0.25851 0.127426 -0.314624 0.378984 0.0386913 -0.600811 -0.643975 0.137365 -0.00557685 -0.775285 0.79001 -0.906748 0.136874 -0.854515 0.153602 -0.27745 0.51858 0.62438 0.230664 -0.310016 -0.314707 -0.0207799 0.22173 -0.0110962 0.00862437 0.668953 -0.742278 -0.71358 0.779512 -0.314882 0.634051 0.67669 -0.737756 0.208916 -0.878457 -0.834927 0.238651 0.374445 0.910326 -0.449326 0.870552 -0.586129 0.196922 0.459348 0.0871592 -0.910336 0.897978 -0.325377 -0.0350138 -0.342066 0.70139 -0.661485 -0.0139487 0.125218 -0.439813 -0.380306 0.655091 0.913153 0.0523722 0.810029 0.00722605 0.266363 -0.52987 0.665955 -0.303904 -0.129276 0.814872 -0.79214 -0.0469627 0.49088 0.380996 -0.585352 -0.759253 0.153554 0.894912 0.0469569 -0.561281 0.138851 -0.627063 0.872326 -0.52632 -0.469715 0.753905 -0.217772 0.788462 0.0901594 -0.391656 0.255509 -0.263887 -0.458218 -0.378922 -0.263444 -0.169482 0.544595 0.899131 0.917013 0.0805041 -0.10655 -0.866822 0.674922 -0.173862 0.61717 -0.424306 -0.291516 0.438743 0.306111 -0.575641 -0.78349 -0.0547227 0.830737 0.494045 -0.351623 0.254177 -0.530653 -0.125642 -0.201583 0.210219 -0.183464 -0.680957 -0.229367 0.17082 0.238103 -0.192053 0.16778 -0.103277 -0.319828 -0.946694 -0.700891 0.346266 -0.174201 -0.491602 -0.0391349 0.00601077 -0.00181085 -0.265175 0.935199 -0.841229 0.875635 0.754903 -0.137775 0.100723 -0.631501 0.438326 -0.237661 0.587584 -0.210809 0.239672 -0.741412 -0.70079 0.287554 0.602616 0.747965 -0.371296 0.210265 0.779276 0.626408 0.737093 0.446008 0.361771 0.293749 0.450714 -0.373698 -0.461052 0.792907 0.291891 0.268637 0.341457 0.191445 -0.949321 0.152936 0.426358 0.595233 -0.513205 0.288584 0.623346 -0.818276 0.915709 0.67048 -0.864912 -0.446234 0.275708 0.532254 0.216381 -0.754078 -0.593447 -0.57686 0.444337 0.823652 0.205984 0.785525 0.882262 -0.55782 0.856554 0.111799 0.00444877 0.352636 0.74331 -0.588099 0.222865 -0.720441 -0.32353 0.941396 -0.427311 -0.783257 -0.568588 0.630711 0.62087 0.398112 -0.417367 0.390706 0.630044 0.092601 0.628389 0.0640214 -0.429738 0.719404 0.436563 -0.493871 -0.724382 -0.270784 0.713661 0.156135 0.610387 -0.723133 -0.0122616 -0.396296 -0.328392 0.371794 0.558127 -0.537704 -0.0138967 -0.235927 0.325604 -0.385666 0.0430743 -0.70252 -0.861295 0.262013 0.506543 -0.668221 -0.268347 -0.462702 -0.897196 -0.516783 -0.460002 -0.801578 -0.600749 -0.398221 0.512834 0.611649 0.0917407 0.445291 -0.0783398 0.698108 -0.429665 -0.522785 -0.860048 -0.210735 0.148912 0.43853 
