DEPTH 9
BIASLOC 520
WIDTH 6 8 8 8 8 8 8 8 8 3 

INPUT_AVE 0.00245667 0.0186009 0.0124798 0.00849958 0.278677 0.489359 

OUTPUT_AVE 0.494651 0.493053 0.484597 

DATA 587
0.107554 -0.146009 -0.773069 0.86554 0.467863 0.0407239 -0.873496 -0.00302333 -0.947492 0.407783 0.740374 -0.344672 -0.840413 -0.715239 -0.504274 0.573616 -0.406975 0.258247 -0.393455 0.932522 0.521365 0.134831 -0.768126 0.349961 0.716919 -0.829039 0.234894 0.166717 -0.843829 0.198826 0.725835 -0.22216 0.460196 -0.88767 -0.495418 0.79592 -0.509759 0.23879 0.467815 0.369006 -0.275915 -0.865346 0.347575 0.570322 0.81677 -0.443793 0.940418 -0.657867 0.346126 -0.613485 -0.360516 -0.160127 -0.591265 -0.420296 0.350285 -0.708529 -0.162762 0.497982 -0.303629 0.756342 0.92398 0.0890862 0.512021 -0.903092 -0.709341 0.752625 0.33547 0.403924 -0.788018 -0.872425 0.948153 0.0301345 0.509295 -0.500897 0.388574 0.282225 0.89296 0.862618 -0.12419 -0.693208 0.687094 0.117487 0.293426 -0.475341 -0.850997 0.693721 -0.220504 0.0417047 0.50795 -0.890518 -0.00530171 0.802373 -0.378544 0.701091 0.568802 0.491082 -0.399115 -0.885885 -0.464687 0.363905 0.858735 0.603953 -0.341869 0.300329 0.0179679 -0.605996 -0.882111 0.294994 -0.175802 -0.750513 0.947671 -0.496277 -0.13285 -0.835818 0.0633236 0.064922 -0.0702544 -0.931615 -0.77265 -0.530658 -0.222857 0.903196 0.133172 0.0115255 -0.573869 0.783178 -0.402297 0.696945 0.0754535 -0.749323 0.624064 0.532854 0.743092 0.202839 -0.281773 0.0846632 -0.315532 0.335342 0.717667 0.860245 -0.773955 0.0687039 0.906737 0.521736 -0.618876 0.362741 0.854079 -0.861839 0.647803 0.504563 -0.910254 0.922771 0.944085 -0.78692 -0.675173 0.930898 -0.715221 -0.879978 0.129902 -0.646369 -0.751692 -0.472705 -0.711868 0.876567 -0.0460408 0.654123 -0.721001 0.419476 -0.504159 -0.0391318 -0.163451 0.804476 -0.362755 0.914299 0.833497 0.660736 -0.753849 0.106729 0.494058 -0.723138 0.375124 0.641536 -0.911138 0.850971 -0.0168806 -0.449929 -0.668355 -0.601499 0.499005 -0.0785477 -0.521092 -0.607949 0.343675 0.879523 0.0249727 0.840324 -0.932849 -0.722559 0.942343 -0.856081 -0.881225 0.118948 0.719365 0.580869 0.0260456 -0.173516 0.588857 0.710067 0.548642 0.330784 -0.0272168 -0.0361097 0.41182 -0.0807651 0.00893396 0.263931 0.76698 -0.22815 0.548614 0.201509 0.807046 0.0398295 0.215281 0.855089 -0.379508 0.150652 0.49833 0.0477803 -0.928417 -0.776605 -0.422016 -0.905865 0.45727 0.730888 -0.732462 -0.814327 -0.215528 0.870944 0.378824 -0.517534 0.813358 0.864991 0.0228399 0.500586 0.600833 -0.483401 0.121026 0.866408 0.582258 0.644564 -0.125804 0.686239 0.0300682 -0.144149 -0.200601 -0.074581 0.113397 -0.714557 -0.203282 -0.509068 0.513761 0.771498 -0.764876 0.447176 0.249088 0.530932 0.172055 -0.94192 -0.280104 0.0173789 -0.592853 0.233342 -0.287816 0.83508 0.597525 -0.113004 -0.517416 -0.563115 -0.081763 0.508944 -0.477057 0.846497 0.539922 -0.343111 -0.628171 0.20357 0.530362 -0.804702 0.578545 -0.553415 -0.91826 0.377282 -0.361402 0.76476 0.819672 0.477447 0.873827 0.665392 -0.832491 -0.0379626 0.0792463 0.752882 -0.537176 -0.254379 0.72495 0.462556 0.788655 0.847833 0.0217111 -0.222519 0.861931 0.120129 -0.475148 -0.196833 -0.33697 -0.197705 -0.74103 0.91511 0.484078 0.817477 0.628957 -0.573325 0.594118 0.671236 0.494536 -0.902111 -0.82729 0.0681455 -0.40562 0.223246 0.68801 0.115147 0.264869 -0.413675 -0.641134 -0.304913 -0.0434914 -0.0907909 -0.535019 -0.594538 -0.485649 -0.899506 0.798519 -0.178473 0.0579858 0.860504 -0.695095 0.313391 -0.453232 0.513973 -0.651588 -0.267404 0.318588 0.949907 0.124404 0.287159 0.395615 0.548441 0.793754 0.932452 0.0779085 -0.369357 -0.47019 -0.661628 -0.608318 -0.850941 -0.933692 0.266029 0.451151 0.688794 -0.633652 0.373165 -0.174286 -0.613889 0.890951 0.321817 -0.50685 -0.775946 -0.321532 0.734707 -0.612852 0.167777 0.104196 0.829313 0.765006 0.609111 0.132887 0.0377051 0.807574 -0.926623 0.207286 0.300076 0.13249 -0.908024 -0.114024 -0.45274 -0.129612 0.581689 -0.714354 -0.23896 -0.411193 0.68299 0.845812 0.32658 0.0872012 0.729106 -0.106943 0.164215 -0.517179 0.481915 -0.753439 -0.411331 0.174392 -0.872401 -0.935383 0.457208 0.824592 -0.589659 0.437434 -0.940396 -0.767064 0.892937 0.0452649 0.291863 -0.283797 0.240351 0.661389 -0.342033 0.511648 -0.200065 -0.100918 0.550913 0.855386 0.665539 0.68724 0.835567 -0.148988 0.0977399 0.722345 0.119127 -0.851119 0.383002 -0.726104 -0.329063 0.274033 -0.7034 0.649114 -0.830138 -0.852175 0.246365 0.257917 -0.682342 0.335727 0.172954 0.658811 -0.158186 -0.114502 -0.136158 0.405052 0.188408 0.145221 0.720059 0.570888 -0.77277 -0.0637945 0.699237 0.335633 0.416349 0.702793 -0.598667 0.842344 -0.735886 0.184906 0.488628 -0.900982 0.322034 -0.808771 0.747862 0.300515 -0.484755 -0.181496 0.384599 0.204051 0.765104 -0.929572 0.807187 0.801946 0.70273 0.674461 -0.944982 0.378488 0.413039 0.845843 0.33559 0.0850497 -0.388927 -0.479301 0.505712 -0.37156 0.624824 -0.102813 -0.582181 -0.0620299 0.888986 0.89493 -0.0291584 0.26494 -0.261686 -0.880809 0.217163 0.196259 0.547289 0.855075 0.876416 -0.231345 -0.923654 -0.535948 0.501981 0.691703 0.0615779 0.655994 0.019058 0.689691 -0.419253 0.392694 -0.138568 0.679295 0.00754362 0.649534 0.65769 -0.649274 0.649062 0.945518 0.412831 -0.341649 0.542489 0.436153 -0.701337 -0.646896 -0.201812 0.473824 -0.88709 -0.732244 -0.0927339 -0.0297851 0.0514506 -0.731443 -0.124636 0.260783 -0.601284 -0.345457 -0.365756 -0.608377 0.834863 -0.251729 0.190716 -0.772137 -0.336781 0.759237 -0.563173 0.678558 0.249251 0.440718 0.274125 0.157312 0.304222 -0.44789 -0.607406 0.768342 -0.603916 -0.24913 -0.513028 -0.407436 0.718083 -0.691161 0.473803 0.558128 -0.792 0.237197 0.779701 0.255285 0.463035 0.657251 0.216485 -0.693704 -0.849431 0.674781 
