DEPTH 9
BIASLOC 520
WIDTH 6 8 8 8 8 8 8 8 8 3 

INPUT_AVE 0.00245667 0.0186009 0.0124798 0.00849958 0.278677 0.489359 

OUTPUT_AVE 0.494651 0.493053 0.484597 

DATA 587
-0.776895 -0.40516 -0.730835 -0.79439 0.225929 -0.664953 0.764687 0.0131133 0.752306 0.742729 -0.161212 0.144765 0.0200262 -0.111425 -0.222113 -0.0282431 0.709956 -0.136064 0.851842 0.399242 0.690541 -0.169331 -0.648763 -0.836102 -0.411215 -0.592873 -0.442617 0.542344 0.966791 -0.0597111 -0.696094 0.721406 0.715793 0.683511 0.780752 -0.421912 0.274353 -0.847041 -0.610443 -0.556208 0.351986 0.648093 0.235857 0.249649 -0.126375 -0.618807 -0.77835 0.740325 -0.814792 -0.222854 0.812694 0.80463 -0.0455214 0.0679582 -0.373735 -0.1308 -0.77958 -0.87871 -0.808849 -0.201629 0.760931 -0.842765 0.539518 0.446286 0.157786 0.28093 0.76949 -0.262099 -0.785071 0.580774 0.610858 0.165275 0.724101 -0.783033 -0.365198 -0.17476 -0.646521 0.216969 -0.510492 -0.170128 -0.742522 0.501678 0.0769149 -0.754336 0.321926 0.538206 0.130613 -0.284762 -0.324283 0.292376 -0.911637 -0.133758 0.563581 -0.333412 0.815346 0.531711 -0.210888 -0.355368 0.933859 -0.0524909 -0.877424 0.372829 0.940596 -0.799397 0.3742 -0.858879 -0.41803 0.352498 0.0959361 -0.616082 -0.166406 -0.756348 0.722104 -0.587045 -0.787458 0.876286 0.197045 0.576145 -0.393245 -0.0511197 0.603711 -0.433702 0.251734 0.447461 0.146115 -0.541725 -0.678184 -0.197059 0.638614 0.218287 -0.554049 -0.118235 0.106786 -0.433675 -0.372028 0.774936 -0.170121 0.75661 0.713132 -0.666759 0.334177 -0.181704 -0.463046 -0.0731678 -0.220333 0.060896 -0.355061 -0.0103408 -0.0676456 0.728074 -0.408985 -0.395832 -0.363297 0.17409 0.0312265 -0.238681 -0.104434 -0.447208 0.429768 -0.78621 -0.553959 -0.885768 -0.895929 -0.0245007 -0.270116 0.365124 -0.713736 0.948629 0.643825 0.800968 0.436315 0.639248 -0.128031 -0.894487 0.0250174 0.212198 0.593988 0.348228 -0.901031 -0.246742 0.892417 -0.650758 0.443175 0.15029 0.668547 0.225045 -0.912126 -0.387762 0.947853 -0.0659361 0.479034 -0.0325073 -0.312516 0.760115 0.593066 -0.953856 -0.539241 -0.0163602 -0.0655046 0.398518 0.271037 0.435154 0.0967274 -0.570794 0.35015 0.797375 0.0442791 -0.238224 -0.869941 0.542935 0.767948 -0.67109 -0.329687 -0.0261188 -0.33679 0.122811 -0.3303 -0.713122 0.859735 0.506129 0.495528 -0.459846 0.912201 0.885553 -0.784243 -0.66583 0.0696838 0.652751 -0.456595 0.367976 0.328125 -0.48494 0.55248 0.562496 -0.468752 0.884243 0.404974 0.691445 0.166471 0.216118 -0.708773 0.94948 0.339878 0.11014 0.580274 -0.662357 -0.487233 0.881113 -0.325502 -0.797078 0.817755 -0.312887 -0.430216 0.616183 0.350053 -0.335969 0.414355 0.34401 -0.333229 -0.531061 -0.951993 0.418415 0.676168 -0.893281 0.282352 -0.442936 0.660462 -0.318619 0.899044 0.531516 0.581998 0.0771642 0.14914 0.366955 -0.186782 0.935634 -0.349515 -0.711739 0.188277 0.344481 -0.276813 0.406991 0.0846827 0.699068 0.761086 -0.0339776 0.926839 -0.535333 0.0448683 -0.488933 0.940224 -0.87543 -0.743864 0.781354 -0.461645 -0.64432 0.298545 0.619446 -0.0313726 0.155965 0.0464335 0.451463 0.806156 -0.184852 0.552041 0.190605 0.863167 0.656407 -0.495842 0.72807 0.725166 0.879984 0.942349 0.248429 0.75317 -0.153076 -0.44709 0.0195804 -0.41812 0.411417 0.130836 -0.581207 0.217046 0.066331 -0.557634 0.73618 0.837685 0.694575 0.652282 -0.674607 -0.413949 -0.366338 0.602092 -0.558454 0.421865 -0.53093 0.88104 0.753645 -0.669425 0.00541117 0.723094 0.928847 -0.146509 -0.161216 -0.293067 -0.545134 0.177363 0.318276 -0.0200053 -0.846313 0.829459 -0.216921 0.66963 0.37229 0.322977 -0.452022 -0.735925 0.135639 -0.85749 0.476712 -0.819756 0.645177 -0.121171 -0.243314 -0.261244 -0.590277 -0.12076 -0.467222 -0.332777 -0.775078 -0.368215 -0.546067 0.194018 -0.599631 0.261854 0.430189 -0.502929 -0.0236292 0.466062 0.697824 -0.725003 0.252367 0.622874 0.494727 0.170065 0.753665 0.545338 0.809072 -0.555004 0.0854431 -0.517598 -0.993176 -0.931585 -0.0372339 0.561459 0.677064 -0.926118 0.58384 0.0881786 0.724592 -0.0870469 0.186833 0.0659929 0.237801 0.951162 -0.61061 0.74039 0.567014 0.606343 -0.459265 0.926849 0.470969 -0.626755 -0.0557837 -0.0486912 -0.856175 0.396814 -0.675026 -0.318286 0.259463 0.540343 -0.132772 0.511009 0.088939 0.825217 -0.485403 -0.351656 0.431319 0.0790221 -0.354515 0.154057 0.914391 -0.212503 -0.407933 -0.682724 0.092803 -0.280696 0.54994 0.838812 0.208711 -0.596031 -0.89517 0.238862 -0.113089 -0.848227 -0.579941 0.130667 0.718837 -0.372552 -0.331294 0.614215 -0.316843 0.0296687 -0.310376 0.565146 0.061368 -0.398481 0.80159 -0.0686813 0.538693 -0.0611164 -0.566607 0.302232 0.484997 0.992203 0.535519 0.461047 -0.182114 0.450809 -0.134005 0.862604 0.711669 0.329139 0.619347 -0.861655 -0.156047 -0.522102 -0.743151 -0.628645 -0.111996 0.024197 0.862061 0.291431 0.156334 0.734202 0.660174 0.600312 -0.237139 0.0290216 -0.903919 -0.579064 0.773984 -0.329617 -0.772776 0.250728 -0.0583733 -0.635783 0.102296 0.209383 0.0968456 -0.381396 -0.660765 -0.599645 -0.150426 0.487109 -0.766525 -0.141333 0.145987 -0.61561 -0.248466 -0.240695 0.622643 0.383811 0.811805 -0.539086 -0.690012 0.187219 -0.472507 -0.0657521 -0.433572 -0.80625 0.979126 -0.567961 -0.529881 0.0798722 -1.02177 0.0688127 -0.542672 0.715018 -0.577839 0.107258 -0.184967 0.366043 0.636137 -0.0225797 -0.55756 -0.59756 0.610472 -0.393124 0.709951 -0.321504 0.329475 -0.838682 0.646602 -0.312252 0.334972 0.143104 -0.794877 -1.01115 0.0290934 -0.336383 -0.925575 0.806475 0.777617 1.00353 0.344864 0.030942 -0.831959 -0.898706 -0.111347 0.510075 -0.200905 0.418408 -0.0415055 -0.177909 0.659454 0.0838002 -0.92182 0.297175 0.702173 -0.273817 -0.30197 -0.301985 -0.086052 -0.256907 -0.50214 0.832567 0.473665 -0.609753 0.64893 0.00882686 0.174558 -0.286914 -0.0776775 -0.463292 -0.13928 0.348677 
