DEPTH 9
BIASLOC 520
WIDTH 6 8 8 8 8 8 8 8 8 3 

INPUT_AVE 0.00245667 0.0186009 0.0124798 0.00849958 0.278677 0.489359 

OUTPUT_AVE 0.494651 0.493053 0.484597 

DATA 587
0.690323 0.784145 -0.131422 0.037997 0.340624 -0.0243529 -0.281342 0.764908 0.832036 0.315964 0.0860546 -0.158508 0.577659 -0.905946 -0.932686 -0.00252891 -0.617704 -0.412087 0.596922 0.124484 0.238942 0.217511 -0.560758 0.895288 -0.790366 -0.631683 0.895999 -0.22398 -0.487533 0.589879 0.575512 0.484166 -0.545024 0.344981 -0.525985 0.355261 -0.609627 0.0677053 -0.165372 -0.699404 -0.0580262 0.833738 -0.450507 -0.416684 0.313567 -0.609151 -0.220312 0.169401 0.564035 0.6005 0.0097394 -0.274209 -0.734897 -0.0179629 -0.836343 -0.736216 -0.168905 0.447583 0.806461 0.875928 0.789649 0.722539 -0.702122 -0.869664 -0.938831 -0.536033 -0.775896 -0.662749 0.226409 0.245947 0.769166 -0.95 -0.441367 0.239857 0.122441 -0.288937 0.905346 0.388325 0.836193 0.309659 -0.287677 -0.212389 0.903704 0.560021 -0.598823 -0.831951 -0.593696 0.0712652 -0.574092 0.287963 0.837873 0.939219 0.916678 -0.610834 -0.935654 -0.298383 -0.113956 -0.252563 -0.285502 0.6485 -0.921836 -0.60013 0.80246 -0.37432 0.854232 -0.266642 -0.323652 -0.918226 0.920538 0.189934 0.781808 -0.721037 0.897631 0.0259648 -0.331906 -0.521213 -0.0938045 -0.499456 0.808084 -0.504498 -0.166456 -0.649271 0.901516 -0.250328 0.0639632 0.557924 -0.420351 0.28476 -0.154786 0.0496167 0.235067 -0.897301 0.0801567 -0.572324 0.281348 0.201245 -0.0990198 -0.779668 -0.0113086 -0.75196 0.30543 0.607406 -0.923741 0.407877 0.540365 -0.828054 0.26855 0.530692 -0.761643 -0.671644 0.53377 -0.548386 0.493131 -0.828648 -0.492767 0.533356 -0.622911 -0.0278329 0.345316 0.117945 0.446932 -0.466846 -0.462995 -0.306455 -0.466953 0.828525 0.398812 -0.226275 0.584233 0.912781 -0.38235 -0.372967 0.468403 -0.330469 0.575603 -0.254767 -0.861931 -0.815771 0.442656 0.80501 0.870033 0.381211 -0.717976 0.921498 0.638755 -0.724065 -0.24663 -0.474707 0.737191 -0.683315 0.206442 -0.940716 0.497926 -0.874375 0.699277 -0.564511 0.174771 0.0668381 -0.0695572 -0.112131 0.946415 -0.519079 -0.25116 -0.0812164 -0.0114016 -0.690251 -0.112561 0.438463 -0.851945 -0.469669 0.780959 -0.0601174 0.221126 0.368343 0.724885 0.648743 0.891315 -0.900132 0.585359 0.868175 0.26445 -0.25107 -0.305779 0.896136 -0.167038 0.578724 -0.412788 -0.184239 -0.381723 -0.404267 0.0615643 -0.113237 0.709606 0.0426623 -0.207499 0.0227438 0.66979 0.850837 0.672586 0.227633 0.722277 0.256325 0.642637 0.0677332 -0.27696 -0.577885 -0.195488 -0.262176 -0.576957 -0.505939 -0.13615 0.0386564 -0.948682 -0.545315 -0.81777 0.597417 -0.914112 -0.0347904 -0.0288533 -0.141122 -0.268341 -0.444658 -0.260251 0.050031 -0.49526 0.397527 0.544357 -0.185664 0.692348 -0.456775 -0.261213 -0.928537 -0.483019 -0.824196 -0.79738 0.787154 0.108856 0.67034 0.14728 0.297662 -0.395319 -0.303607 0.798318 0.65746 -0.325733 -0.219769 -0.893991 -0.494074 -0.0479546 0.315368 -0.00451875 -0.0537844 -0.257388 -0.884041 -0.557971 0.294719 0.294337 -0.906587 0.191681 -0.418823 0.102375 -0.0674865 0.706072 0.873224 0.0457094 0.161347 0.10547 0.266228 -0.827354 0.897523 -0.477688 0.299484 0.771671 0.89104 -0.933923 -0.758568 0.941581 0.446777 0.638568 0.0236017 0.942226 0.622402 -0.364632 -0.497188 -0.790143 0.499722 -0.717317 -0.699907 -0.725476 0.48064 -0.18495 -0.651634 0.290632 0.85153 -0.905586 0.660282 -0.0280022 -0.158561 -0.418582 0.667787 -0.771034 -0.589381 0.385838 0.926648 -0.94005 -0.56713 -0.532454 -0.38653 0.215393 0.498615 -0.915074 0.751999 0.291591 -0.493104 0.311074 0.42709 0.534934 -0.587522 0.146807 0.379734 0.518055 -0.904456 0.0331753 0.944669 0.0211983 0.410187 0.311191 0.844356 -0.316067 0.615295 0.496981 -0.322992 -0.197881 0.113309 0.923629 0.802561 -0.940541 -0.35884 -0.775001 -0.826489 -0.383294 -0.909229 0.40975 -0.0146786 0.611767 0.855737 -0.148489 -0.621163 0.0564345 -0.19255 -0.69607 0.904163 0.336343 0.346514 -0.610518 0.515343 -0.45039 -0.216292 -0.746572 0.110269 0.527499 0.206857 0.130208 0.280254 0.314722 0.169794 0.46145 0.421407 -0.306646 0.873458 0.552269 -0.0452558 0.0531319 -0.263745 0.298132 0.216146 0.512827 -0.173568 -0.0474187 -0.588355 0.271247 0.384535 -0.703389 -0.588185 0.893347 0.0246897 -0.404984 -0.153591 -0.283942 0.414142 0.680259 -0.22699 -0.00693613 0.640183 0.108206 -0.476618 -0.665322 0.230949 0.35522 -0.0776098 -0.0163577 -0.426948 -0.591437 -0.325846 0.0111111 -0.345555 -0.521879 -0.202031 0.461235 -0.262002 -0.747121 0.0215515 0.864424 -0.52282 -0.162782 0.633602 -0.240181 -0.857094 -0.780295 -0.565797 0.538038 -0.767805 0.138641 0.0717306 0.641157 0.562013 0.26939 -0.0381779 0.297783 -0.147827 -0.810955 0.141104 0.558869 -0.730181 -0.524171 0.392798 0.727958 0.0694703 -0.934631 0.0915385 -0.457925 -0.718848 0.560805 -0.323967 -0.0887856 -0.727472 -0.362499 -0.234523 -0.0804001 -0.632863 -0.338938 -0.453236 0.276992 0.808376 0.815446 -0.719759 0.344439 -0.45877 -0.0857584 0.677543 0.572258 0.24778 0.417723 0.33178 0.908925 -0.400787 -0.766368 0.306933 -0.190042 -0.108606 0.285749 -0.90114 -0.58828 0.349909 0.148939 0.530002 0.375033 -0.937565 0.121728 -0.727148 -0.916345 0.684171 0.690748 -0.0081436 -0.109304 0.788276 0.783449 -0.70617 0.260246 -0.173 0.588741 0.681631 -0.687784 -0.358308 -0.115464 0.53321 -0.311414 -0.876915 -0.220483 0.106913 -0.716298 -0.0224552 -0.54226 -0.218257 -0.216677 -0.412836 -0.658819 0.18719 -0.357667 0.368177 0.205875 0.0457696 0.227767 -0.380529 0.312278 0.0319071 0.6887 -0.269272 0.921121 -0.683646 -0.0408786 0.265822 0.423621 0.515286 0.317932 0.882329 -0.283789 0.0648023 -0.520106 0.465022 -0.81096 -0.602 -0.629806 0.243871 -0.33512 -0.807984 -0.0174246 0.9224 -0.713518 0.866926 0.878001 0.100343 -0.0161794 -0.491823 -0.749456 0.629663 -0.318642 
