DEPTH 9
BIASLOC 520
WIDTH 6 8 8 8 8 8 8 8 8 3 

INPUT_AVE 0.00245667 0.0186009 0.0124798 0.00849958 0.278677 0.489359 

OUTPUT_AVE 0.492567 0.245502 0.268205 

DATA 587
-0.171281 0.852785 -0.344613 0.595447 -0.579141 0.217526 0.53864 -0.330326 -0.39787 -0.123117 0.947283 0.82691 0.632777 -0.492505 -0.63679 0.3724 -0.0502954 0.159215 0.633368 -0.690066 1.06816 1.03399 0.954698 -0.568075 0.136528 0.821712 0.821017 -0.0731381 -0.614311 -0.353692 0.8599 0.913649 0.446667 -0.406587 0.0429059 0.983834 -0.117138 0.153796 0.819313 -0.0546543 1.53479 -0.398037 -0.558902 0.279564 -1.01674 -0.258259 0.64154 -0.801734 0.0906551 1.04486 0.368331 -0.355769 -0.499313 -0.119947 -0.224914 0.698137 -0.219254 -0.468752 0.978896 0.602786 -0.563261 0.129829 -0.0970142 0.792808 0.591211 0.66824 -0.912068 -0.518129 0.028178 -0.690298 0.777809 -0.255173 -0.022985 0.191824 0.737657 0.613521 -0.420883 -0.944955 0.692751 -0.241423 0.392631 0.356976 -0.215491 -0.244531 -0.0567602 0.35505 -0.492642 0.246627 0.709002 0.717069 -0.00721501 -0.792966 -0.917859 -0.127678 0.551065 -0.487867 -0.494464 0.455503 -1.0824 -0.52486 -0.320172 -0.450461 0.997318 -0.0564706 0.951543 0.540496 0.604355 0.0377471 0.563176 0.460678 0.145625 0.777517 0.651494 0.628361 -0.106318 0.523706 0.69662 -0.622274 0.801503 -0.358419 -0.0985103 0.446698 -0.36064 -0.390376 -0.444616 0.396993 0.585817 -0.659164 -0.487765 0.148939 -0.940338 -0.315649 -0.102722 -0.329797 0.328392 0.1184 0.0659493 -0.200954 0.661762 0.35065 0.776229 -0.187686 -0.236505 -0.728024 0.987675 0.837052 -0.134372 0.942212 -0.295579 0.119373 -0.468976 -0.98133 0.319526 -0.424607 -0.243356 0.467782 -0.100873 0.000306388 -0.184908 -0.686968 -0.659361 0.911111 0.284984 -0.46933 -0.275767 -0.0907976 0.0149395 -0.888161 0.0774512 0.410769 0.370951 -0.839812 -0.864975 0.145474 -0.110839 0.0387554 -0.659368 -0.437364 -0.0327782 -0.48714 0.563641 -0.755242 0.545107 0.158582 -0.189153 -0.185283 -0.0292195 -0.358106 -0.048691 0.4177 0.757372 0.338517 -0.518429 -0.767321 -0.556439 0.177346 0.425374 -0.649718 -0.742706 -0.405314 0.787569 0.778479 0.644699 0.193831 0.05912 -0.978936 1.03937 -0.7584 -0.89845 -0.161625 0.908551 -0.282288 0.465767 0.426375 -0.15484 -0.189113 0.0212589 -0.37866 -0.56842 -0.602254 0.418486 -0.589073 -0.552997 0.115434 -0.122809 0.476254 -0.0961539 0.20783 -0.641418 -0.379984 0.430589 -0.810945 0.16331 -0.570814 -0.992642 0.574499 -0.492303 -0.551054 0.761883 0.347803 -0.353687 -0.317948 1.10241 0.403996 0.504386 0.85959 -0.678177 0.757713 -0.678768 -0.398843 0.910415 -0.645794 0.884735 0.749375 -0.455728 -0.923667 -0.342355 0.455342 -0.327675 -1.1916 0.058621 1.06368 0.727416 -0.434502 -0.70701 -0.70208 -0.558559 -0.115345 0.0042362 -0.0633566 -0.466067 0.178491 0.34687 -0.434997 -0.842822 -0.318251 0.0368862 -0.00536232 -0.0914305 0.266241 0.675641 -0.796164 -0.781314 -0.35185 -0.456728 0.539528 -0.519089 0.0597067 0.469273 -0.700096 0.0842533 -0.815793 -0.26338 0.253542 -0.172808 -0.0269023 -0.381113 0.833149 -0.538611 -0.50682 0.0767453 -0.703548 -0.877372 0.533406 0.730089 -0.860899 -0.179326 0.424261 0.108902 -0.737651 0.92238 0.827504 -0.598901 -0.320578 0.898062 -0.343409 -0.248271 -0.800311 -0.434968 -0.0457231 -0.889122 0.210901 -0.545339 -0.110921 0.418827 0.608851 -0.167469 -0.672132 0.347192 0.829841 0.537863 0.336999 -0.655933 -0.79999 0.764452 0.401861 1.06881 0.67775 -0.760379 -0.0637618 -0.51247 -0.349558 0.496397 -0.159647 -0.0502714 0.690697 0.0631068 -0.0710644 -1.03763 0.269638 0.461645 -0.487988 0.120113 0.415145 -0.512771 -0.279434 0.90505 -0.752479 0.619029 -0.523907 0.968348 0.496936 0.892776 0.860428 -0.0328812 -0.254761 0.879495 -0.361244 -0.0415124 0.0849473 0.00747379 -0.443674 0.817497 0.479997 -0.821839 0.35433 0.854066 -0.400633 0.187642 0.408492 -0.0111548 0.310343 0.111734 0.583867 0.175162 0.282547 0.132583 -0.439424 -0.282228 0.404356 -0.420472 0.769564 -0.776234 -0.759277 -0.495438 0.025932 0.262191 0.863505 0.38647 -0.376547 0.702357 -0.285852 -0.759872 -0.804104 0.306498 0.396991 -0.397838 -0.247797 1.01893 0.314747 0.854721 0.157756 0.0292215 -0.434664 0.194357 -0.865748 0.0523752 0.583458 0.994735 0.506889 -0.469342 -0.930571 -0.18237 0.210887 0.883388 0.840003 0.352906 -0.773577 -0.260023 0.390887 -0.284093 -0.126478 1.02086 0.579137 0.488704 -0.133152 0.40465 0.345118 -0.80961 -0.684381 0.222593 -0.614257 0.0967171 -0.736817 -0.0188433 -0.151852 -0.677997 -0.66324 -0.241002 -0.616145 -0.373437 0.134917 -0.500235 -0.127326 -0.402352 -0.836744 0.443197 -0.725001 0.697614 0.398808 0.929811 0.640995 0.751166 -0.354475 0.696262 -0.470445 -0.0626893 0.507698 0.290729 0.267574 0.679913 -0.407767 0.513274 -0.615629 0.865773 0.474632 -0.63228 0.887552 0.197392 0.252327 -0.504971 -0.455142 0.066526 0.448489 0.0974208 0.525732 -0.617685 -0.714671 0.086068 -0.170469 0.511145 0.169008 -0.766822 -0.16782 0.193917 -0.272307 0.347114 -0.670993 -0.425565 0.755755 0.229356 0.13172 -0.753718 -0.656545 0.313747 0.57318 0.206749 0.343917 0.310821 -0.614195 -0.379463 0.201009 0.57508 1.28173 0.478957 -0.162814 -0.449812 0.491199 0.506283 -0.897248 -0.385555 0.698915 -0.611773 -0.062479 -0.368394 0.305206 -0.438554 -0.441106 1.32754 -1.05681 0.1498 -0.608374 -0.560751 -0.202372 0.132281 0.239604 0.0153924 0.0626169 -0.931693 0.561376 0.291727 -0.66208 -0.454756 -0.271337 0.105369 -0.418271 0.946518 0.933685 0.933006 0.0660171 0.881369 -0.741142 0.539247 0.409562 -0.727963 0.122563 0.0391484 -0.50721 -1.16263 -0.262842 0.248434 -0.907581 0.10379 0.115108 1.23156 1.43851 -0.435772 -0.0843457 -0.337884 0.813896 1.21443 -0.181144 -0.158841 0.238205 0.499647 0.482317 0.4772 -0.305248 0.0975407 -0.30558 0.43845 0.543977 0.450058 -0.918684 0.537648 0.538212 -0.950594 
