DEPTH 9
BIASLOC 520
WIDTH 6 8 8 8 8 8 8 8 8 3 

INPUT_AVE 0.00245667 0.0186009 0.0124798 0.00849958 0.278677 0.489359 

OUTPUT_AVE 0.494651 0.493053 0.484597 

DATA 587
-0.842285 -0.377765 -0.0295737 0.500454 0.0910524 -0.185372 -0.178638 -0.870832 -0.421235 0.0939388 -0.537758 0.0735081 -0.365571 0.13431 0.771696 -0.399425 0.913783 -0.256848 -0.284437 -0.840081 -0.801101 -0.758025 -0.359628 -0.0358211 0.368814 0.202407 -0.650956 -0.284386 0.56319 0.533446 0.478054 -0.292495 -0.0545211 -0.285873 0.696342 0.0123793 0.81876 0.161856 -0.215842 -0.882171 -0.757444 -0.449062 0.702957 0.0635449 -0.774484 0.169019 -0.623906 0.677532 -0.224675 -0.198458 -0.341385 0.72889 -0.6711 0.274499 -0.738954 0.766684 -0.0834705 0.911609 -0.234411 0.720876 -0.0801283 0.268892 0.0948583 -0.469063 0.177298 0.436688 -0.557104 -0.327751 -0.401063 -0.0140261 0.218902 -0.897133 0.464897 -0.597143 -0.439271 0.440724 -0.0230508 -0.66371 0.649875 -0.201334 0.375311 0.909054 0.477599 0.171122 0.247115 -0.661668 -0.746381 0.288319 0.318073 0.84891 0.0897024 0.912102 0.474342 -0.753605 0.928216 0.0896634 -0.0287887 0.762941 0.179503 -0.828541 0.704038 -0.949266 0.2849 0.342556 -0.811039 -0.280338 0.851261 -0.240681 -0.477633 0.778525 -0.587016 0.322018 0.277819 0.482563 0.174049 -0.262278 -0.781391 -0.809727 -0.078697 0.169338 0.729467 -0.583997 -0.439529 0.889409 0.050833 -0.133123 -0.171217 0.499055 0.833744 0.218886 -0.76381 0.0500402 -0.306592 -0.0461179 0.0183389 0.302642 0.0249502 0.488665 -0.573891 0.698646 -0.200798 -0.267412 -0.0694215 0.362691 -0.121639 0.63131 0.365452 0.01784 0.834809 -0.870473 0.920802 0.132945 -0.347542 -0.35463 0.766638 -0.533269 0.403402 0.912268 -0.65459 0.878908 0.400112 0.210775 -0.509457 -0.0478108 0.0774229 0.321217 -0.487597 -0.862527 -0.825961 -0.236402 -0.753779 0.302311 -0.291302 -0.193123 0.88268 -0.703942 -0.0416796 0.0795265 -0.834256 -0.0382469 -0.0154001 -0.175955 -0.614412 -0.840669 -0.936195 -0.549759 0.68719 0.553814 -0.482925 -0.356483 -0.209785 0.185796 0.645136 -0.822563 0.407618 0.134276 -0.345268 0.862113 0.663059 0.748286 0.881356 -0.122149 0.944227 0.0443615 0.620276 0.117106 -0.126039 0.6306 -0.835745 -0.308622 -0.729026 -0.659761 -0.883721 0.14987 0.467231 -0.806595 -0.313512 -0.833896 0.144576 -0.56576 -0.0763525 -0.362533 0.93989 -0.794477 0.598716 -0.136233 -0.776995 -0.534645 0.761483 -0.090929 0.310151 0.382603 -0.420336 0.493439 0.0320647 0.567372 0.754981 0.651544 -0.0451719 0.834902 0.0993339 -0.80476 -0.732013 -0.549673 -0.144149 -0.631061 0.234509 0.652111 -0.412872 -0.810852 0.298318 0.166596 -0.889048 -0.371236 -0.171611 -0.312358 -0.827359 -0.113368 -0.902721 -0.285287 -0.563759 0.922132 0.858517 0.723459 0.065845 0.867221 -0.717681 -0.943493 0.0688764 -0.155189 0.093303 -0.300827 -0.686072 -0.751125 -0.614221 0.905533 -0.685739 0.907063 0.191781 -0.211372 -0.760784 0.938227 0.473277 0.377937 0.056155 -0.646046 -0.813322 0.561848 0.607979 -0.73544 -0.0572116 -0.299518 0.164209 0.312628 -0.269078 0.30015 0.745561 -0.663276 -0.219292 -0.796141 0.390898 -0.434522 0.177529 -0.711524 -0.485763 0.0891086 0.353406 0.630718 0.893637 0.466818 0.507309 0.795636 0.467543 0.554545 -0.833811 -0.733915 -0.0933299 -0.636197 0.0252538 0.310778 -0.0698394 -0.896026 0.0334976 -0.819539 -0.870523 0.672146 -0.827703 0.298088 -0.875099 0.335773 0.873579 0.819599 0.538482 -0.530167 -0.518083 -0.169735 0.255232 -0.0307266 -0.729244 -0.420752 -0.754604 0.0459319 -0.730875 -0.398721 -0.919271 -0.586933 0.187727 0.720637 0.598144 -0.687724 0.42444 0.404287 0.93776 -0.0652444 0.310042 -0.192616 -0.649337 0.566863 0.224335 -0.245332 -0.723023 -0.459403 -0.835047 0.127807 0.386022 0.515724 -0.811208 -0.731947 0.44874 -0.146733 0.724772 0.0601088 0.261147 -0.14338 0.138182 -0.498098 0.676784 -0.204178 0.697871 -0.496663 -0.718774 0.380819 -0.607076 -0.859204 -0.671655 0.371635 0.362919 0.942426 0.258403 -0.83318 -0.777129 0.618582 -0.638177 0.304564 0.412343 0.245047 -0.550663 -0.570934 0.430536 -0.237732 -0.205277 0.664688 0.722829 -0.206761 0.176229 -0.612632 -0.748345 -0.804878 -0.866443 0.349669 -0.335564 0.368592 -0.572498 0.143525 -0.375035 0.549547 0.48596 -0.444316 -0.854274 0.67127 0.0112554 -0.248695 0.630403 0.75448 -0.434904 0.776246 -0.790488 -0.495698 -0.370913 0.728761 -0.72695 0.786309 -0.745697 -0.160773 0.590675 -0.198072 -0.0989572 0.332276 -0.474646 0.514558 -0.800546 0.193082 -0.309263 -0.356782 -0.540339 -0.186339 0.00995684 0.18338 0.26957 -0.636545 -0.913544 -0.451095 -0.475336 -0.701207 -0.278169 0.814064 -0.218964 -0.714079 -0.805725 0.483523 0.919174 0.624684 -0.133415 0.946484 0.939335 -0.481362 0.638592 -0.927544 0.619261 -0.020723 -0.685457 0.452995 -0.473719 0.768258 0.166453 -0.0895013 0.663476 0.0975212 -0.103915 0.186589 0.543323 0.391218 -0.154844 -0.887199 0.281354 0.387868 -0.338966 -0.235961 -0.784846 -0.551482 -0.15235 0.362194 -0.566186 -0.472894 -0.036701 0.635023 -0.288481 -0.759695 -0.578933 -0.834874 -0.338463 0.103489 -0.818842 0.0581598 0.932866 -0.482502 -0.207638 -0.353122 -0.740348 0.207398 -0.936388 -0.554121 0.890651 -0.767725 0.385478 -0.654327 0.231757 -0.16317 -0.0283462 -0.021593 0.65583 -0.188753 0.0290015 0.0112653 0.614566 -0.235261 0.893825 -0.579661 -0.0296445 -0.532519 -0.593193 -0.854195 0.8612 0.0235693 0.704949 -0.366389 -0.440453 0.0215552 0.42709 0.224822 0.274899 -0.04427 0.205387 -0.399381 -0.478861 0.140964 -0.800754 0.695965 -0.285659 -0.671552 -0.0983961 -0.750839 -6.65784e-05 -0.461375 0.093182 0.306696 -0.684366 0.715085 0.627793 -0.511778 0.00277424 0.378399 -0.738722 -0.250253 -0.885374 -0.397983 0.47984 -0.797044 -0.914562 -0.422706 -0.581161 -0.481559 0.322498 -0.590418 0.452406 -0.616632 0.919183 0.16367 0.272853 0.390672 0.843504 -0.408785 0.681447 -0.147873 -0.921028 0.150775 -0.0303213 
