DEPTH 9
BIASLOC 520
WIDTH -69511696 473 -889323486 -889323480 -69512224 473 -11173664 473 0 0 

INPUT_AVE 

OUTPUT_AVE 

DATA 587
-0.405751 0.183295 -0.0829255 -0.104606 -0.554548 0.825042 0.288869 -0.466703 0.784545 0.461408 -0.175455 0.79391 -0.313293 0.778628 0.118071 0.348303 -0.0703274 -0.677485 -0.170189 -0.511379 -0.812611 0.654615 -0.500609 -0.237004 0.275854 0.734794 -0.883003 -0.890232 0.0282499 0.259474 -0.202945 0.0954552 0.27654 -0.136668 -0.564139 -0.398107 0.688611 0.0598564 -0.375925 0.91198 -0.405956 0.194757 1.03629 -0.00110873 0.381506 0.384984 -0.411392 -0.985175 0.35583 0.544863 0.706629 0.830836 0.641142 0.53496 0.528084 -0.696245 -0.321365 -0.873994 0.479109 0.762695 0.320911 -0.413295 -0.305471 -1.00134 -0.90044 -0.412426 0.211876 -0.0934924 0.257712 -0.598279 0.0125714 -0.138897 0.0418401 -0.205007 0.889998 -0.871513 0.91738 0.507429 -0.177426 0.757869 -0.158257 -0.761283 0.471859 -0.764455 0.584242 0.409531 -0.658381 -0.0862112 -0.520446 0.142159 -0.18216 0.422973 -0.0902362 0.480629 0.774986 0.806323 -0.424387 0.914103 -0.865157 -0.139998 -0.363877 0.791644 0.616822 -0.778066 0.182083 -0.213355 0.370684 -0.401534 -0.31245 -0.466604 0.0213764 0.312511 -0.885854 -0.883852 0.255758 0.76569 -0.0210273 -0.911629 -0.238488 0.596676 -0.24743 0.540974 0.679459 0.579059 -0.882715 0.983366 0.172409 0.86087 0.91142 0.102081 -0.268035 -0.126829 -0.602624 0.426981 -0.0797006 -0.559801 -0.906217 0.0284282 -0.548395 -0.400988 0.257638 0.606123 0.758333 -0.800892 -0.602375 0.411035 0.307472 0.82844 -0.326695 -0.77938 0.71433 0.256688 0.531227 0.891977 -0.382715 -0.145984 -0.492944 -0.641655 -0.847264 0.250646 0.29459 -0.893894 0.4446 0.340757 -0.512764 -0.369753 -0.911917 -0.899566 -0.636344 0.058539 -0.291737 0.194686 -0.504362 0.509367 -0.501454 0.276812 0.537455 0.925891 -0.853849 -0.956167 0.0546571 -0.598508 -0.234972 0.646964 -0.920132 -0.207671 -0.209455 -0.124573 -0.512993 -0.927099 0.949269 -0.555042 -0.842504 0.0354677 -0.483613 -0.25915 0.854827 -0.288558 -0.566923 -0.0724263 0.630708 -0.167656 -0.459454 0.248136 0.0224079 -0.102179 -0.565221 0.450666 -0.876495 0.928545 -0.922485 -0.726164 -0.530938 -0.881047 -0.190134 0.808145 -0.309633 -0.0526903 -0.117351 0.409998 0.738438 0.620523 -0.925259 -0.514773 0.711022 -0.723813 0.481051 -0.77591 0.470302 -0.0434682 -0.93123 -0.075459 0.564429 0.517243 -0.237593 -0.511459 0.831087 0.669618 0.974481 0.785439 0.288848 0.777427 0.515 0.524026 -0.64775 0.831352 -0.140028 0.837863 0.0736893 -0.0809067 -0.176384 0.114745 -0.814646 -0.238411 0.882011 0.504273 0.844195 -0.562096 -0.149077 0.56295 0.0248075 -0.766304 -0.448988 0.239537 0.907899 0.625125 0.43193 0.234806 0.462429 -0.248277 0.0698065 -0.783309 -0.581702 -0.40386 -0.572737 -0.543689 -0.182322 -0.413164 -0.249542 -0.786948 -0.642242 -0.919788 -0.84288 0.241997 -0.69119 -0.698004 0.623375 -0.728014 -0.593469 -0.564415 -0.117891 -0.0557017 -0.0460202 -0.840178 -0.206096 -0.259498 -0.7327 0.517826 -0.793003 0.504984 -0.61399 -0.733296 0.841772 -0.140243 0.767332 0.532296 0.809238 0.407488 -0.268554 0.406133 -0.67794 -0.570973 -0.357031 -0.456597 -0.890857 0.189979 -0.14958 0.650017 0.511625 -0.264547 0.699244 0.00888646 0.284592 0.038846 0.746687 0.362479 -0.258035 0.405844 0.358679 0.061249 0.406702 0.105651 -0.356527 -0.634665 0.608673 -0.870903 0.46755 0.359993 0.131922 0.02458 0.81036 -0.712006 0.524264 -0.749795 0.130387 0.0208906 0.584636 -0.227607 -0.0522875 -0.714254 -0.0129001 0.189781 -0.692037 0.190401 -0.234443 -0.619783 0.214969 -0.337695 0.840213 0.794135 -0.971661 0.070855 0.133888 0.367406 -0.197549 0.0103888 0.361703 -0.295967 0.723078 0.348655 0.819184 -0.717701 0.0187213 0.68579 0.262147 0.726295 -0.873375 -0.784708 -0.36949 0.483463 0.0720354 -0.97016 -0.681761 -0.967883 -0.60334 0.335279 -0.49123 -0.598372 0.431447 0.302991 0.587074 0.0450096 0.561806 0.358216 0.277473 -0.480522 -0.60517 0.304243 -0.375453 -0.399001 -0.681925 0.219751 0.0202475 0.655518 0.172158 -0.559856 0.559349 -0.667006 -0.0302024 0.66348 0.760318 -0.345259 0.93912 0.313831 -0.562311 0.646833 -0.910013 -0.876391 0.66638 -0.933945 0.426386 0.1167 -0.365475 0.848493 0.33559 0.14252 -0.152397 0.319162 0.871928 -0.399237 0.611809 -0.936645 0.796408 -0.0704037 -0.482747 0.489209 0.427737 0.933347 -0.272164 -0.51193 0.123969 -0.55643 0.463127 0.470769 -0.686838 -0.559554 0.118378 -0.047489 -0.395027 0.435232 0.653973 -0.234307 -0.604824 -0.429426 0.939448 0.785926 0.477271 -0.202644 -0.137174 -0.102579 0.696565 0.768092 -0.165248 -0.632498 -0.421864 0.128581 0.954275 0.337561 -0.278689 0.2911 0.19636 0.466231 0.209881 -0.265427 -0.880938 -0.438157 -0.436111 -0.83141 0.921275 -0.604856 0.689788 -0.37887 0.471838 0.408598 -0.0809035 0.710702 -0.344008 0.423683 0.171802 0.563878 0.0736401 0.786056 -0.480504 0.848657 0.287757 -0.591756 0.886077 -0.128496 -0.821061 -0.476511 -0.496216 0.0122742 0.152583 0.752052 0.352857 0.657248 0.236421 0.761269 -0.853251 0.923791 0.422818 -0.265082 0.198621 0.879583 -0.79903 0.433929 0.260757 -0.0768441 -0.184318 0.697099 0.0935266 -0.798787 -0.905718 0.934042 -0.788847 0.441685 0.0234174 0.35721 -0.86521 -0.162686 0.0441597 0.455268 0.391912 -0.239465 -0.407674 -0.517638 -0.701249 -0.802734 -0.166732 1.01777 -0.608863 0.8599 -0.553238 -0.646831 -0.479862 -0.508512 -0.231135 -0.861242 -0.948822 0.716 -0.638517 0.261568 0.494085 -0.901917 0.183485 -0.786776 0.699422 0.383416 -0.815922 -0.0514741 0.38901 0.838983 0.095592 0.236719 0.339362 -0.494357 -0.499023 -0.256981 -0.513946 -0.446037 -0.0340638 0.0491903 0.805791 0.796683 0.563044 -0.685316 0.153282 -0.779882 0.623133 0.424433 0.42936 0.874812 -0.892823 0.332825 -0.489794 0.773597 -0.681784 
