DEPTH 9
BIASLOC 520
WIDTH -69511696 473 -889323486 -889323480 -69512224 473 -11173664 473 0 0 

INPUT_AVE 

OUTPUT_AVE 

DATA 587
-0.128456 -0.0107692 0.526014 0.695038 0.712955 0.00587753 0.523945 0.952991 0.754263 -0.793279 -0.327446 -0.63348 -0.570122 0.774109 0.0183823 -0.657784 -0.586442 0.606249 0.933724 -0.368898 -0.941612 -0.180297 0.843418 -0.302582 -0.523059 -0.183843 -0.892439 0.258022 -0.186543 -0.00289308 0.632731 -0.788584 0.863715 0.178784 0.308789 -0.166989 -0.914874 0.352102 -0.333574 -0.846377 0.57805 0.218223 -0.8 0.00116258 -0.209942 -0.708438 -0.361053 0.77241 -0.496292 0.33022 0.867786 0.508343 0.190969 -0.0382451 -0.881616 0.968984 -0.82651 0.5503 0.890232 0.12285 -0.299755 -0.0739243 -0.142657 0.157046 -0.833379 -0.605694 0.911494 -0.241787 0.317961 -0.524875 0.364934 0.374867 -0.68932 0.438357 -0.0484407 0.282543 -0.154146 0.29731 0.72883 0.445687 -0.0834811 -0.607134 -0.804734 0.0689077 -0.395372 0.447837 -0.369103 -0.0515661 -0.566757 0.0297263 0.162451 0.710577 0.91733 -0.40356 -0.838586 0.794942 -0.659842 -0.158108 -0.0811765 -0.479355 0.661875 0.45234 0.212944 -0.659758 -0.615902 -0.770886 0.78653 -0.671022 -0.0538544 -0.813091 0.270026 -0.279752 -0.635966 -0.203306 -0.285204 0.564085 0.406559 0.721659 -0.0581919 0.252216 -0.49052 -0.768881 0.178206 0.14138 -0.48085 0.094757 0.221037 0.31915 0.722694 -0.110408 -0.286881 -0.105966 0.570983 -0.675301 0.523849 -0.347378 -0.895794 -0.712368 0.187016 -0.00998833 0.561349 0.188625 0.865772 -0.555409 -0.668003 0.681808 0.37117 0.864365 0.6184 0.0438594 -0.87898 -0.162276 -0.754864 -0.27095 -0.195861 0.30943 0.168346 0.705412 -0.85768 0.318174 0.248432 0.361244 -0.515469 0.636057 0.708535 0.0929972 -0.811149 -0.184462 -0.62288 0.426282 -0.745108 0.452618 0.132041 0.768393 0.0792664 -0.790438 -0.578466 -0.0904566 -0.347146 -0.734655 -0.132317 0.187372 0.567007 -0.697005 0.265768 -0.87671 -0.775265 -0.212813 -0.0879955 -0.914887 0.855516 -0.26116 -0.312539 0.629231 0.0655928 0.467104 0.886537 0.100395 0.0911598 0.0650507 -0.0191948 -0.808657 -0.28813 -0.47502 -0.152005 0.26943 -0.399056 -0.520696 0.768852 -0.0218616 -0.894264 -0.985489 0.961526 -0.0110217 0.743994 -0.712126 0.729004 0.841605 0.745577 0.492014 -0.239005 0.394465 -0.747074 0.755234 -0.449968 0.605108 0.494495 -0.152887 -0.678311 0.216233 -0.701137 0.499022 -0.389707 0.334619 -0.00783182 0.912989 0.225763 0.0897493 0.384728 0.690551 0.426195 -0.797035 -0.582443 0.393795 0.236541 -0.542943 -0.262451 0.813518 -0.715814 -0.911817 -0.363519 -0.785096 -0.0347603 -0.425831 -0.359488 0.578438 -0.739997 -0.817003 -0.143212 -0.0281109 -0.289579 -0.823617 -0.0409086 0.225658 -0.379799 0.380846 0.0502984 -0.0317624 -0.822963 0.629573 -0.694229 -0.702766 0.501206 -0.867443 -0.852705 -0.481539 -0.579017 -0.464926 -0.264766 -0.168175 -0.672917 0.665074 -0.885832 -0.276774 0.537057 -0.546708 0.545435 -0.271677 -0.188063 0.455323 0.187166 0.487241 -0.568978 -0.279166 -0.0634832 -0.926743 0.146718 0.778267 0.264156 0.761672 -0.500985 0.885366 -0.693611 0.611348 -0.879567 0.810684 -0.127274 0.331176 0.420441 0.751593 0.610533 0.0158211 -0.482846 0.107416 0.424846 0.322735 0.212157 0.902407 0.107781 -0.253671 0.288222 0.165519 -0.160122 -0.386492 -0.197175 -0.714018 -0.213674 -0.0345282 -0.166918 -0.337536 -0.448203 0.720208 -0.707633 -0.145527 0.478697 -0.751393 -0.830071 -0.649178 0.942908 -0.651731 -0.376793 0.2494 -0.831371 -0.753449 0.298309 0.210153 -0.910564 -0.174348 0.839847 0.765474 0.456451 0.60462 -0.401605 0.724029 -0.781398 -0.767808 -0.00516938 0.462343 0.0626779 -0.0629505 -0.831824 0.576141 0.782386 0.840969 -0.614798 0.0316099 0.0510168 0.1105 0.615053 -0.680148 -0.124032 -0.169057 -0.687401 0.860961 -0.0308015 -0.23881 -0.872545 0.81201 0.530968 0.895402 0.518973 -0.335416 -0.911386 0.0841632 -0.079269 -0.933233 0.0181 0.254845 -0.237914 -0.16595 0.000437886 0.722609 0.651004 -0.48178 -0.927598 0.688653 -0.380709 0.793798 -0.695823 -0.9288 0.599902 0.825735 0.929375 -0.230263 0.466586 0.357867 -0.125991 0.313233 -0.0596157 0.662742 -0.774705 -0.209003 0.776574 0.8025 0.912641 0.639968 -0.90972 -0.490032 0.473393 0.890588 -0.501616 -0.44037 -0.0288376 0.810846 -0.676271 -0.156138 0.814393 -0.742709 0.280618 -0.85283 0.385302 -0.271018 -0.700188 -0.54725 0.18821 -0.00773648 0.768332 0.273344 -0.861054 0.678933 -0.161213 0.0271853 -0.497478 -0.866445 -0.0664933 0.245603 0.87971 0.0357204 -0.824257 -0.833201 0.653108 -0.817718 0.380564 0.581783 0.187952 -0.735459 -0.741112 0.60114 -0.382241 0.758367 -0.808649 0.123531 0.00752179 0.486064 -0.020646 -0.654891 0.255331 0.673441 0.400312 -0.541013 0.384431 0.778679 -0.64325 -0.0219599 0.929052 -0.241536 0.882687 0.00260827 0.50015 0.394515 0.935581 0.691858 0.484945 0.49047 0.0320232 0.849066 -0.0631217 -0.894855 0.0748096 -0.391508 0.443246 0.737913 -0.210543 0.675712 0.0150391 0.825579 -0.531283 0.536515 0.912934 0.924068 0.93124 0.711805 0.882926 -0.742578 -0.832069 -0.840404 0.39776 0.716792 -0.842363 0.150642 -0.0950232 -0.107841 -0.418298 0.932112 0.40727 -0.0559599 -0.285177 0.64548 0.71731 0.328665 -0.456711 0.264015 0.499589 0.955411 -0.0061904 -0.952067 0.496582 0.634969 -0.533434 0.042239 -0.656909 -0.816428 0.806173 -0.93101 -0.830445 -0.763643 -0.00878403 -0.0605073 -0.200427 -0.234107 0.269811 -0.386816 -0.759615 -0.0169275 -0.890505 0.682831 -0.690081 0.121422 0.496188 0.90872 0.975344 0.0464412 -0.20558 0.855414 -1.08558 -0.624549 -0.0282903 -0.576592 0.122744 0.490529 0.938309 -0.845112 -0.502009 0.277046 -0.841484 -0.83694 0.865217 -0.49641 0.154282 0.687593 -0.350083 0.235224 -0.0312368 0.352114 0.434939 0.261835 -0.336009 -0.046664 -0.515917 -0.409668 0.278587 -0.649374 0.625814 -0.723247 0.671233 -0.608435 0.346623 
