DEPTH 9
BIASLOC 520
WIDTH 6 8 8 8 8 8 8 8 8 3 

INPUT_AVE 0.00245667 0.0186009 0.0124798 0.00849958 0.278677 0.489359 

OUTPUT_AVE 0.494651 0.493053 0.484597 

DATA 587
0.482493 0.946406 -0.915373 -0.465003 0.438564 0.663225 0.449702 0.746213 0.285767 -0.256826 -0.541217 -0.0312086 0.832528 0.29719 -0.306457 0.0922231 0.781883 0.582736 0.568618 -0.129524 0.650263 -0.778565 0.741139 -0.389471 0.349811 0.550661 0.474689 -0.158955 0.0174955 0.205969 0.469329 -0.20617 -0.25632 0.653421 -0.0571751 -0.407644 0.0712996 -0.158458 0.349425 -0.127415 -1.03467 -0.072672 -0.356901 -0.251797 0.551155 -0.270529 0.790567 -0.515582 0.27667 -0.37123 -0.282074 -0.434389 -0.0441671 -0.534636 -0.247039 -0.530173 -0.377602 -0.460897 -0.162058 -0.763488 -0.596216 0.311024 -0.128097 -0.782849 0.931336 0.226827 -0.184115 0.876689 -0.736163 -0.742468 0.0911327 0.0301284 -0.654389 0.658615 0.848113 -0.958326 -0.861825 0.470307 -0.45326 -0.366473 -0.663898 0.885029 0.767129 -0.219144 -0.171685 0.608581 -0.159312 -0.857942 0.816412 -0.811058 0.277277 -0.217863 0.923482 -0.748154 0.508266 -0.821471 -0.015724 -0.498265 -0.901199 -0.957281 -0.0851159 -0.616166 0.79434 -0.343763 -0.00818806 -0.19109 0.768978 -0.22299 -0.594865 0.469843 -0.310754 0.473359 -0.565669 0.237352 -0.926572 -0.0613253 -0.135414 -0.06345 0.488248 -0.561087 -0.669675 0.227682 -0.697122 0.411369 -0.404193 -0.132963 0.388715 0.125408 0.558951 0.421398 0.879107 -0.0987848 0.844134 0.409948 0.725164 -0.593104 -0.246525 0.467917 -0.73902 0.467269 -0.589507 -0.518885 0.0668338 -0.600568 0.69268 -0.335793 -0.622386 -0.026949 0.131762 -0.0313131 -0.120071 0.075601 -0.838514 -0.40093 0.778896 -0.0349878 -0.446234 -0.309932 0.323906 0.115754 -0.470893 -0.784427 0.362234 0.85709 -0.0626356 -0.139582 -0.357016 0.564142 -0.286177 -0.429004 0.463875 -0.868444 -0.288885 0.550853 -0.71512 0.743819 0.15205 0.292191 0.712857 0.358031 0.50376 -0.470654 -0.257548 -0.3055 -0.750176 0.932761 -0.732186 -0.361225 -0.616111 -0.716302 -0.785874 0.936522 0.605354 0.80552 -0.609159 0.269432 0.203599 0.23995 -0.337849 -0.928192 -0.168329 -0.709455 -0.788702 0.989981 0.733018 -0.0201839 -0.636428 0.247989 -0.489396 -0.84932 0.0897135 0.438607 0.897462 -0.104028 0.134054 0.467792 0.294672 0.151623 -0.326618 -0.0308242 0.85608 -0.651692 0.674772 -0.403276 -0.467924 0.18378 -0.0266817 -0.590716 -0.035385 -0.671309 0.393021 -0.689837 -0.914629 0.281329 -0.637475 0.871771 -0.363176 0.942844 -0.0476625 0.295787 -0.963305 0.688257 0.711107 -0.250323 0.626767 0.49007 0.565643 0.428293 -0.0650262 0.0440896 -0.387893 -0.538659 -0.828786 0.777358 -0.3525 0.536335 -0.901121 0.0178812 0.891725 -0.53564 0.559936 0.423025 0.214148 -0.45837 0.576117 0.0146804 0.102161 -0.942872 0.207099 0.278901 0.204108 0.820232 0.0881637 0.277677 0.405265 0.432591 0.978763 0.651652 0.32099 -0.0360073 -0.281355 -0.277774 -0.248175 0.428849 -0.222936 -0.973216 -0.818038 -0.305213 -0.12107 0.545031 0.507695 0.377178 -0.261885 0.762113 0.608449 -0.625696 -0.23656 -0.382705 0.171409 -0.177259 0.313978 0.797186 -0.956884 -0.81822 -0.487568 -0.165869 -0.688733 -0.528166 -0.816365 0.12298 0.248177 -0.974943 -0.732238 -0.60801 0.670146 -0.863629 -0.517272 0.405228 0.175926 0.86865 0.110762 0.475094 -0.916896 -0.358739 0.810633 -0.8252 0.264748 0.236483 -0.286719 0.0210735 0.34365 0.200218 -0.201735 0.109956 -0.633168 0.715165 -0.104253 -0.783398 0.415341 0.666018 -0.221887 0.628568 0.0823414 -0.23589 -0.151666 -0.95482 0.466133 0.0758382 -0.49755 -0.159495 -0.0273505 -0.448029 0.26907 0.394467 0.25397 0.593771 0.627325 -0.245356 -0.518077 0.290025 0.695487 0.871771 0.663981 -0.696736 -0.955027 -0.208365 -0.91631 -0.860619 -0.786799 -0.772122 -0.802535 -0.055867 0.280369 -0.895507 -0.616089 0.583672 0.631297 0.386028 0.451243 -0.77078 -0.180308 -0.167965 -0.357959 0.675852 0.70564 0.680313 0.573759 -0.210488 -0.653048 -0.125721 -0.882121 -0.217773 -0.885549 0.116738 -0.409808 -0.0548365 -0.788475 0.913941 0.81718 -0.168992 0.416888 -0.656451 0.125714 -0.869152 0.181215 0.898563 -0.776503 -0.0819023 0.608335 0.209619 0.311686 0.0218867 0.0331201 -0.44043 -0.912514 -0.444607 -0.13608 -0.809662 -0.676873 0.318164 0.49181 0.836243 0.10497 0.564049 0.378266 0.149351 -0.715423 0.354505 0.680489 -0.177755 -0.521021 0.726272 -0.401557 -0.442767 0.0158763 0.630481 0.843237 -0.932875 0.468229 0.656031 -0.533017 -0.219999 -0.586298 -0.402399 -0.217178 -0.944348 -0.168458 0.163652 0.481601 -0.121116 -0.870762 -0.190376 -0.191795 -0.314247 -0.876326 -0.801979 -0.86436 0.132075 -0.525359 0.816119 0.259231 0.236164 0.652068 -0.939365 -0.230197 -0.153523 0.462314 0.678419 0.666676 -0.680068 0.18904 0.744892 -0.132898 -0.460418 -0.431049 0.185363 0.079768 0.243474 -0.300476 0.874807 -0.0608324 0.325989 0.539368 -0.158516 0.212828 0.673588 0.228566 -0.486757 -0.83194 -0.45573 0.867197 0.23159 0.662794 0.418427 -0.484278 0.0817444 -0.783147 -0.795215 0.881526 -0.738423 -0.629222 -0.356001 -0.0769773 0.204724 -0.00861677 0.0592484 -0.794776 0.177658 0.00830086 -0.653131 0.879493 -0.686178 0.551426 -0.609642 -0.790979 -0.36862 -0.799719 -0.255719 0.360143 0.818467 -0.410766 -0.419995 -0.824214 0.34691 -0.364391 -0.756748 0.713474 -0.217805 -0.337579 -0.470325 0.539346 0.934889 0.234943 0.399307 -0.723909 -0.924791 -0.236276 0.713028 0.245503 0.35065 0.0336197 0.0390517 0.169517 -0.705496 0.236983 0.691303 -0.237036 -0.650041 0.0580392 -0.0721554 -0.736061 -0.423596 -0.374919 0.855153 0.32409 0.68744 0.678222 0.0048574 -0.806615 0.388372 -0.356673 -0.030028 -0.677667 -0.811104 0.78188 0.0197815 0.873334 1.07213 -0.163604 0.0429507 0.602339 0.139502 -0.0320585 -0.772472 0.692822 -0.833309 0.506345 0.656837 -0.203733 -0.497906 -0.412366 -0.250838 0.384082 -0.525176 0.437262 0.190776 0.526945 
