DEPTH 9
BIASLOC 520
WIDTH 6 8 8 8 8 8 8 8 8 3 

INPUT_AVE 0.00245667 0.0186009 0.0124798 0.00849958 0.278677 0.489359 

OUTPUT_AVE 0.494651 0.493053 0.484597 

DATA 587
-0.627448 -0.0692734 0.482667 -0.83901 -0.685051 -0.101846 -0.532856 0.260559 0.950341 -0.346812 0.00945903 -0.549515 -0.130393 0.927131 -0.523285 -0.364749 -0.542753 0.690528 0.186065 0.901624 0.517921 -0.262429 0.26899 0.63431 0.824087 -0.853456 -0.763457 0.305655 -0.510985 0.574907 -0.843848 -0.755889 -0.781129 0.893541 -0.677831 -0.37553 0.0813322 0.0833343 0.000986473 0.0349312 0.695909 0.028416 0.4912 0.706454 -0.942455 0.581836 -0.396073 0.316216 -0.269882 0.283519 0.353963 -0.210606 0.31907 -0.119336 -0.804643 0.703896 -0.49547 0.660001 0.465673 -0.259229 -0.316567 0.712858 -0.0534969 0.0795931 -0.63578 -0.716085 -0.18811 0.0733062 -0.472479 -0.55471 0.869767 0.231375 0.277144 -0.678841 -0.269857 0.220013 0.832828 0.476487 -0.472224 -0.0592943 -0.354523 0.137809 0.214503 0.974465 -0.620106 -0.320642 -0.836735 0.2621 -0.537987 -0.823083 -0.585451 0.107588 0.579338 0.648499 -0.379893 0.0352415 0.205885 0.0862352 0.901917 -0.792016 0.0909181 -0.707086 0.361774 -0.86407 -0.555625 -0.858837 0.157919 0.792215 -0.853332 0.227585 -0.850464 0.642161 0.316514 -0.403024 -0.917044 -0.272246 -0.158661 0.496774 0.412114 -0.58483 -0.523078 0.271774 -0.393644 0.534887 -0.644263 0.315614 0.294815 -0.269065 0.176852 0.795275 0.285331 -0.628122 -0.661942 0.882138 0.55526 -0.382313 -0.103625 -0.411538 -0.962489 0.503276 0.390522 -0.407207 -0.838949 -0.527655 0.556577 -0.292838 0.204642 0.892521 0.819626 -0.322484 -0.925182 0.94535 0.135058 0.617238 -0.211096 -0.422713 0.82602 0.409531 0.327245 0.621946 -0.72584 -0.576191 -0.663926 0.894772 -0.425919 -0.339686 -0.578844 -0.726218 0.575705 0.476188 0.106724 0.711722 0.315724 0.0608878 -0.23001 0.0893986 -0.0274834 -0.21248 0.881077 -0.272929 -0.375141 -0.768419 0.626473 0.620369 -0.391169 -0.841188 0.166429 -0.554232 -0.64808 0.0454403 -0.832177 0.903914 0.391424 -0.440597 0.611041 0.108489 0.131077 0.254171 -0.282082 0.848586 -0.294905 -0.498888 0.735604 0.313109 -0.43736 0.620794 0.221002 -0.802873 -0.172752 -0.69126 0.807417 0.131696 -0.703077 0.65442 -0.562151 -0.127546 0.860512 0.922843 0.754609 -0.738503 0.856058 -0.48574 -0.266412 0.606829 -0.611592 -0.884478 0.253558 -0.949337 0.788069 0.7852 -0.314267 0.692502 -0.31133 0.82288 -0.532503 -0.509885 -0.811634 -0.0290077 -0.58359 0.383921 -0.470761 0.626929 0.0861955 0.93162 0.743707 -0.876719 -0.819731 -0.619785 -0.961527 -0.736701 -0.755159 0.573686 -0.471797 -0.0905331 0.713711 -0.655274 -0.177197 0.200734 0.199182 -0.0992672 -0.19539 0.452501 -0.101579 -0.809331 -0.788512 -0.820804 0.237026 -0.32656 0.0298741 0.157406 -0.483208 -0.577072 -0.570363 -0.0170761 0.713081 -0.316812 -0.24259 -0.229399 -0.285552 -0.434946 -0.309803 0.769974 -0.534746 0.213678 0.872458 0.115257 -0.504624 0.53714 -0.683581 0.631133 -0.500855 -0.602325 -0.743832 -0.432127 -0.205482 0.581633 -0.229639 0.55801 -0.821872 -0.624975 -0.298243 -0.41766 -0.362007 -0.593099 0.858534 -0.551355 -0.438393 -0.744967 -0.368826 -0.659144 0.478971 0.804278 0.631897 -0.43079 0.786626 0.107842 0.658941 -0.374307 0.328322 0.53673 -0.645887 0.417844 -0.0495333 -0.291279 -0.486809 -0.828548 -0.596574 -0.672125 0.123694 -0.539346 -0.14085 -0.840285 -0.612235 0.241628 -0.42315 0.920637 -0.548399 -0.259272 -0.745001 0.0398097 0.427916 -0.28762 -0.0884967 -0.686559 0.929401 0.513713 0.417926 -0.639243 -0.17188 0.126589 -0.438377 0.644373 0.876322 -0.0576835 0.441558 -0.472878 0.843619 -0.85237 -0.0613965 0.648358 -0.406844 0.347498 0.141278 0.355743 0.404846 0.859121 -0.0547054 0.289327 -0.747124 -0.503153 -0.677611 -0.793982 0.788148 0.677253 -0.937056 0.206291 -0.421524 0.913309 0.220327 -0.334779 -0.694419 0.291374 0.77107 -0.901697 0.268578 -0.0399697 -0.191825 -0.280908 0.0402926 0.581066 0.74865 0.0855236 -0.349179 -0.653641 -0.639984 0.93588 0.675925 0.879335 -0.446941 -0.945307 -0.36407 0.843774 -0.855931 0.267288 0.635582 0.589564 0.576738 0.399645 0.778555 0.916447 0.790266 -0.475524 0.879778 -0.0681556 0.699215 -0.729437 0.440235 -0.630405 -0.716881 -0.166931 0.00840442 -0.234382 -0.856435 0.159081 -0.651463 -0.457732 0.08113 0.335132 0.794279 0.491247 0.73329 -0.676353 -0.417772 0.899379 0.541484 0.80574 -0.424919 0.40522 -0.365209 -0.802682 -0.449774 -0.664201 -0.000605204 -0.00959839 -0.0627487 -0.92077 0.0455727 0.191542 -0.507479 -0.579228 -0.915277 0.179772 -0.875245 -0.490601 0.179512 0.504259 -0.356751 -0.723564 0.482385 -0.217609 -0.676052 -0.18346 0.132679 0.597174 -0.168453 0.0202714 -0.782005 -0.443459 -0.406972 0.516218 0.921747 -0.203841 -0.617816 -0.379884 0.905001 0.633913 -0.228416 0.918448 -0.688591 -0.685686 -0.261831 -0.189885 -0.51599 0.680592 0.649912 0.165395 -0.895161 -0.173651 -0.630799 0.617445 -0.798687 0.652069 0.911922 0.521066 -0.0145271 0.780815 -0.0526989 -0.874673 0.650897 0.208291 -0.163544 -0.875314 -0.652897 0.332737 -0.862756 0.226738 0.119869 0.361578 -0.936999 0.245759 0.138342 -0.669345 0.870793 0.354564 0.55152 0.577899 0.395048 -0.388256 0.30852 -0.863379 -0.0463514 0.544054 0.490129 0.709985 -0.235846 -0.13559 0.135891 0.238303 0.261697 -0.0927121 -0.784385 0.192439 -0.0838378 0.609121 0.639871 -0.0685527 0.38141 0.0757228 -0.602539 0.0425728 0.673966 0.854348 0.630743 0.553301 0.00804772 -0.580948 0.0911983 -0.665884 0.143425 -0.213528 -0.525013 -0.302753 -0.250162 0.0482733 -0.0826591 -0.833495 0.619835 0.881829 0.448487 0.0484486 0.0472393 0.963479 0.309825 -0.896234 -0.219467 0.340712 0.486513 0.251348 -0.763873 -0.494632 0.214598 -0.59731 0.28059 0.11666 0.911176 -0.349815 -0.714461 -0.271172 0.705369 0.7903 -0.217683 -0.259564 0.704291 0.11431 0.0444718 -0.460022 0.396262 
