DEPTH 9
BIASLOC 520
WIDTH 6 8 8 8 8 8 8 8 8 3 

INPUT_AVE 0.00245667 0.0186009 0.0124798 0.00849958 0.278677 0.489359 

OUTPUT_AVE 0.494651 0.493053 0.484597 

DATA 587
0.172627 0.716907 -0.762667 0.885177 -0.917725 0.309599 -0.628643 0.436358 0.433822 0.505425 -0.855284 -0.818371 -0.576465 -0.0630282 -0.223067 -0.189996 -0.915912 0.34245 0.52106 -0.189847 0.409177 0.651084 0.501062 -0.495749 -0.650215 0.18596 -0.39319 0.871033 -0.126428 0.595377 0.422002 -0.371505 0.864794 0.230856 -0.635824 -0.23979 -0.185727 0.298564 0.32795 -0.293061 -0.702157 -0.420638 -0.896889 -0.0825188 0.774957 -0.493052 -0.486046 0.00158828 0.325043 0.497259 -0.72669 0.0124223 0.446995 -0.304455 0.874808 -0.382113 -0.615219 -0.309732 0.947654 0.160076 -0.504635 -0.890498 -0.280323 0.0954085 -0.0113145 0.0214678 0.57716 0.529786 -0.209249 0.3629 0.383845 0.0566042 0.293008 0.754694 -0.851599 -0.114193 -0.810856 0.0422989 0.329407 -0.21651 0.771341 -0.270174 -0.196899 0.387615 -0.153926 0.718643 -0.430269 0.679861 0.062998 0.0147455 0.769823 0.377398 -0.0645012 0.152189 -0.177592 0.932707 -0.00339997 -0.197367 -0.899868 0.636289 -0.388794 -0.000911772 0.490716 -0.543392 -0.0614872 -0.599507 -0.0333477 -0.594151 -0.302383 0.830268 -0.178342 -0.854057 0.569155 -0.110005 -0.173365 0.42606 0.0348988 0.427598 -0.13014 -0.432308 -0.833041 -0.192731 0.205318 0.878136 -0.308913 -0.196259 0.800251 0.475068 0.128944 0.0198538 -0.634096 -0.322241 -0.453537 0.104433 -0.155312 -0.252736 0.350557 0.655629 0.188793 -0.240665 0.259201 -0.439116 -0.285745 0.709396 0.672304 -0.37814 0.241178 0.357762 -0.722689 -0.328424 -0.408226 0.271663 -0.931493 0.0191277 -0.245816 -0.821273 -0.142759 -0.784992 -0.590072 -0.478546 0.710255 0.541743 0.416921 0.322217 0.4996 -0.125845 -0.0223688 0.730775 -0.388017 0.171565 -0.75562 0.938285 0.274036 -0.17079 0.906763 0.326161 -0.686922 0.755956 0.914439 -0.870676 0.503551 0.366445 0.299453 -0.16087 -0.709014 0.67919 0.82407 0.602615 0.824914 0.205677 0.783098 0.487705 0.745844 -0.895516 0.061725 0.43473 -0.363446 0.821493 0.0719354 0.191259 0.0931633 -0.709336 0.536161 0.771181 -0.0550519 -0.806209 -0.183306 -0.150436 0.698807 -0.492624 -0.765163 -0.180166 -0.822824 -0.353504 -0.382948 0.795392 -0.532885 -0.875428 0.764519 0.101169 0.83873 -0.15414 0.921452 -0.362764 -0.273118 -0.519991 -0.665012 0.517544 -0.797018 -0.60087 0.10757 0.642968 0.344885 -0.598004 0.310332 0.589546 -0.545505 -0.545118 -0.659689 -0.297672 0.852697 -0.9268 -0.75585 -0.38633 0.0566016 -0.641071 0.222085 0.13981 0.0197452 -0.0984148 -0.321757 0.549932 -0.19404 0.667362 0.0890688 -0.00461715 -0.106174 -0.310771 0.343849 0.660088 0.474021 -0.411756 0.213096 -0.15704 -0.422787 -0.0263801 -0.00920844 0.156074 0.937295 -0.547616 -0.462715 -0.233835 0.291591 -0.521088 0.656687 -0.156403 0.000575185 0.432854 0.374412 0.158684 -0.682228 -0.0210238 0.467706 -0.92446 0.620928 0.806295 -0.139424 0.33756 -0.847916 0.119557 0.496286 0.900451 0.286883 0.559772 0.94752 -0.21323 0.521108 -0.612059 0.830331 -0.905233 -0.854705 -0.836168 0.764982 -0.239556 -0.310245 0.180672 0.759536 -0.870617 0.54161 -0.51235 -0.333298 0.279747 -0.445092 -0.535462 -0.949663 -0.92308 -0.573479 -0.309065 -0.639636 -0.232652 -0.909347 -0.599724 0.486967 0.88241 -0.263347 -0.359811 -0.0245404 -0.220857 0.150617 -0.588803 -0.0905184 0.221507 -0.0359411 -0.779468 -0.330823 0.929985 0.168059 -0.9368 0.703727 0.912932 0.223425 0.666181 0.692468 0.564857 -0.678053 -0.33937 -0.305257 0.448416 0.645343 -0.113925 -0.50778 -0.0771112 0.536342 0.830874 -0.331951 -0.0415993 -0.185535 -0.347925 -0.15597 0.446419 -0.057022 -0.331709 -0.715154 0.0363404 0.562837 0.0835622 0.0999258 -0.568168 0.948159 0.77262 0.133046 -0.806066 0.943772 -0.189693 0.521866 -0.939169 -0.336102 0.545295 -0.232315 -0.837231 -0.556382 0.737174 -0.107237 -0.449377 -0.15662 -0.47664 0.0632167 0.786221 -0.934515 0.281987 0.489553 -0.870204 -0.0823404 0.611129 0.848251 0.454091 0.435525 -0.253956 0.128318 0.69826 -0.70849 -0.811731 -0.468486 0.552152 0.434118 0.175998 -0.109043 0.137959 -0.375715 -0.584199 0.759892 0.693686 -0.0137562 0.203015 -0.15088 -0.819128 -0.732268 0.505428 -0.0223101 -0.824495 0.735863 0.30215 0.909662 0.417378 0.558718 0.230593 -0.157315 0.917579 0.11568 -0.000935733 -0.845164 0.528797 0.203922 0.65222 0.694948 -0.357834 0.482169 0.736293 -0.39658 -0.289001 0.39961 0.0530742 0.272813 -0.87866 0.854369 0.499399 0.434776 0.0198714 0.250183 -0.168169 0.289017 -0.159007 0.0344186 0.271986 0.75456 -0.254216 0.509238 -0.586475 -0.145337 -0.0138696 0.32223 0.941746 0.234839 -0.803618 -0.710158 0.810792 -0.858576 0.743699 -0.693871 0.696191 0.559522 0.630205 -0.854131 -0.0273783 -0.933685 -0.0909597 -0.131067 0.824364 0.237034 -0.0683326 -0.775772 -0.00748962 0.900105 0.505365 0.925795 0.541399 -0.112135 -0.554464 -0.878895 0.72585 0.654224 0.800532 -0.00582397 0.130138 -0.432671 -0.834779 0.342776 -0.356238 -0.230073 0.30646 -0.940475 -0.923466 -0.949847 -0.0807866 0.027238 0.185651 -0.395215 -0.828221 0.355042 0.482244 0.274027 -0.181341 -0.18851 0.601178 -0.540182 0.50801 -0.874237 -0.150961 0.67019 -0.264643 0.109827 -0.28946 -0.434382 -0.529505 -0.531195 -0.560987 -0.579613 0.842762 -0.868182 0.306993 -0.313491 -0.655698 0.0258833 0.745661 0.895984 0.758571 -0.77828 -0.777282 -0.883598 0.108648 0.239543 0.210341 0.690808 0.266796 0.385157 0.920884 0.882783 0.15776 0.74199 -0.838509 -0.876253 0.466093 -0.113027 0.778343 0.103523 -0.262065 -0.282247 0.466469 0.154699 -0.702385 -0.854926 0.718643 0.345995 -0.601677 0.00997889 0.817379 0.414913 -0.202534 -0.545445 -0.85193 -0.0304009 -0.115456 -0.286616 -0.677404 0.133196 0.611644 0.418924 -0.210435 -0.330118 -0.0633037 0.134447 -0.387701 0.639228 -0.666864 -0.756918 0.315114 -0.297311 
