DEPTH 9
BIASLOC 520
WIDTH 6 8 8 8 8 8 8 8 8 3 

INPUT_AVE 0.00245667 0.0186009 0.0124798 0.00849958 0.278677 0.489359 

OUTPUT_AVE 0.492567 0.571903 0.743167 

DATA 587
-0.174881 0.566423 -0.601263 -0.0802365 0.466144 -0.850904 -0.0923068 -0.84913 -0.32104 0.260476 0.945974 0.80565 0.34626 0.297225 -0.933481 0.378176 -0.804886 -0.471987 -1.02144 -0.450414 0.0679854 0.0422881 -0.277941 0.3469 0.0633916 0.569226 -0.284333 -0.388132 0.738281 -0.438241 -0.236981 1.08662 0.340556 -0.36152 -0.245781 0.735142 1.06597 -0.137323 0.0584324 0.913123 0.695621 0.505356 1.36228 -0.866297 0.328995 0.0740004 0.942011 0.343081 0.847915 -0.780778 1.01568 0.648585 0.556193 0.296445 0.530427 0.52341 0.675373 -0.205094 -0.0145708 0.355372 0.613169 0.76838 -0.00189441 -0.297437 -0.220628 -0.684256 0.144738 -0.62537 0.610161 0.706907 -0.0991369 0.200511 -0.86342 0.251259 -0.639763 0.00413856 -0.0243507 -0.685285 -0.120742 0.860987 0.471895 0.726127 0.625845 0.820513 -0.154139 -0.213688 0.384751 1.01561 -0.464241 -0.80418 0.474459 0.903608 -0.133898 0.596199 -0.60653 -0.536071 0.0226791 0.873514 -0.719423 0.469097 0.766045 -0.411345 -0.391676 -0.251502 -0.37526 -0.520832 -0.13382 -0.62012 0.184363 1.0262 -0.48895 0.336698 -1.21248 0.79855 -1.04494 -0.426324 -0.602761 -0.209209 -0.396127 -0.164211 -0.397783 -0.927582 -0.091169 0.393876 0.77225 -0.0415833 1.04916 -0.584116 0.0994387 -0.782826 -0.521324 0.497285 0.247024 -0.163107 0.297894 0.837704 0.322492 -0.605656 -0.65944 0.226254 0.757233 -0.693532 0.526749 0.312309 0.219182 0.220197 -0.70814 -0.251636 -0.671306 -0.105936 -1.10028 -0.014158 0.0439568 -0.0762437 -0.954656 0.989853 -0.177175 -0.643354 0.00655343 -0.293131 1.02839 -0.043042 0.860661 0.727154 -0.730353 -0.212173 -0.484528 0.781324 0.645181 -0.038971 0.290672 0.320793 -0.158356 -0.0522437 0.126945 -0.0343949 0.0441368 1.00347 -0.294763 0.487614 0.461181 0.925252 0.256876 -0.2278 -0.70935 0.601034 0.937707 -0.713288 -0.771493 0.579924 0.74566 -0.376404 -0.445873 -0.552825 3.69895e-05 0.593783 0.306484 -0.19706 -0.748523 -0.657449 0.15273 0.602647 -0.90513 0.72685 0.598679 0.497218 -0.359007 0.753171 0.704129 0.696228 0.298733 -0.731476 -0.460339 0.0148891 -0.578803 -0.745715 0.517407 0.553998 0.578295 0.270986 0.333467 -0.127828 0.260884 0.197339 0.838414 0.642171 -0.35274 -0.652701 -0.616292 -0.216734 -0.42738 0.547789 0.940031 0.761198 -0.190135 -0.265729 -1.20437 0.0466468 -0.120411 0.68629 0.649514 0.534139 -0.612392 -0.293043 -0.0207024 0.565592 -0.185807 -0.705141 0.765678 -0.176309 0.440762 0.381663 -0.137359 0.522013 -0.626356 -0.630012 -0.858107 -0.128255 0.710639 -0.655916 -0.972899 0.759947 -0.857454 0.470855 -0.286497 0.464906 -0.202986 0.913242 -0.400134 -0.385078 -0.6975 -0.808228 0.517329 -0.0855068 -0.27446 -0.165126 -0.393617 0.55884 0.541975 -0.754637 0.928296 -0.671206 -0.182249 0.0411821 -0.749504 -0.294956 0.705581 0.546035 0.70715 -0.565555 -0.23722 -0.968048 0.57145 0.184309 0.34011 -0.254381 -0.527428 0.641788 0.89081 0.398509 0.609787 -0.155148 0.197562 0.522981 -0.0724778 -0.496495 -0.669609 -0.881577 -0.78087 -0.977479 0.188628 -0.324505 -0.586011 0.568666 -0.35146 0.371784 0.219761 -0.775532 -0.559112 -0.392413 -0.916131 0.0672276 -0.173144 0.28839 0.293 -0.238519 0.0886147 -0.0175681 0.508599 -0.160989 -0.0893401 -0.725261 0.577179 -1.01625 -0.157675 -0.19855 0.545697 -0.767188 -0.644813 0.92889 -1.07214 0.0285632 0.439654 0.636833 -0.764508 -0.305588 0.650878 -0.739082 0.282896 0.133633 -0.64453 0.440773 0.131753 0.791926 0.299597 0.786649 -0.748592 0.246262 -0.632145 -0.113958 -0.177273 -0.113605 0.727342 0.880055 0.262845 -0.0581659 -1.03237 -0.323374 -0.920092 -0.0499368 0.292011 0.921646 0.534813 0.252033 0.326584 -0.147063 0.473659 -0.438841 -0.426332 0.5611 -0.748568 0.398643 0.302398 -0.811816 -0.0728111 -0.551399 0.943703 -0.02952 -0.610268 -0.410191 -0.645294 -0.471531 -0.41503 -0.0929849 0.0721644 0.307615 0.855121 -0.381085 0.837882 0.590329 0.502499 -0.85227 -0.492586 -0.783418 -0.432213 -0.126402 -0.241095 0.453253 -0.975326 -0.474466 0.0556535 0.351732 -0.25837 0.787315 0.222083 0.139694 0.746301 0.789175 -0.739783 0.108142 0.122385 0.103019 0.301916 0.136506 -0.741839 -0.659734 -0.481141 0.445938 -0.409327 -0.258108 0.323662 -0.405784 0.424521 -0.146215 0.39315 -0.54281 0.396962 -0.591721 0.246629 0.661343 -0.563498 0.151991 0.39103 0.602385 -0.667009 0.858394 -0.401231 0.140378 0.0935701 0.269219 -0.841615 0.832562 -0.0972175 0.740035 0.0146958 -0.802885 1.13706 -0.658453 0.423951 -0.270781 0.272104 0.0254186 0.795445 -0.697731 -1.03832 0.340514 0.273802 -0.441316 -0.694606 -0.359045 -0.866106 0.731497 1.07256 -0.596043 1.01788 -0.748227 0.0635004 -0.101688 -1.0312 0.80083 1.2596 0.612984 -0.301086 0.451742 0.811059 0.706078 -0.208099 0.681741 -0.608614 -0.419966 -0.226698 0.354456 0.859258 0.574929 0.00344769 -0.739817 -0.615767 0.199437 0.0524601 0.844785 -0.675055 0.661242 0.706432 -0.225564 -0.269511 0.83883 -0.247071 0.42142 -0.901831 -0.556944 -0.226388 -0.490679 -0.585806 0.739298 0.978142 -0.0499613 -0.384488 -0.0538894 -0.113643 -0.673918 -0.791216 0.054237 0.219943 -0.794808 -0.845217 -0.661037 -0.389335 -0.655852 0.311198 0.758883 0.357036 0.614444 -1.35961 -0.537709 -0.376286 -0.598952 0.932221 -0.0464545 0.338938 -0.836177 0.0653713 -0.609084 -0.363168 -0.412044 -0.574165 -0.292533 0.174722 0.00131885 0.64859 0.825331 0.188255 0.0847989 -0.618179 0.921687 -0.0431236 -1.01544 -0.466137 0.217979 -0.42669 -0.0636863 0.327414 0.918745 -0.284884 -0.303513 0.525089 0.660868 -0.332339 -0.615512 0.535248 -0.257009 -0.434031 0.694722 -0.243683 -0.0323498 -0.095905 0.292614 0.723266 -0.59506 0.256909 0.870241 -0.555453 -0.132114 0.448563 0.229423 0.647084 -0.351756 0.85938 
