DEPTH 9
BIASLOC 520
WIDTH 6 8 8 8 8 8 8 8 8 3 

INPUT_AVE 0.00245667 0.0186009 0.0124798 0.00849958 0.278677 0.489359 

OUTPUT_AVE 0.494651 0.493053 0.484597 

DATA 587
0.681136 0.879117 0.408702 -0.892008 0.839583 -0.00426427 -0.853138 0.0374428 -0.302622 -0.325311 0.563111 -0.332082 -0.38361 -0.0418001 0.217651 0.337079 -0.384001 -0.2585 -0.101209 -0.444078 -0.0575914 -0.542745 0.72014 -0.663828 0.641445 0.832682 -0.546927 -0.21712 0.126681 0.0317386 0.819032 0.791975 0.165834 0.644967 -0.242784 0.554736 0.614257 0.442142 0.946843 -0.172562 -0.624872 -0.0613926 -0.830847 -0.628317 -0.959187 -0.197123 -0.198948 -0.108476 0.384006 -0.142496 -0.448906 -0.0906853 0.615859 0.937242 0.445774 0.664178 0.378188 -0.563583 -0.002626 0.85098 -0.86127 0.686144 -0.728993 0.868217 0.724672 -0.797179 0.40906 0.162153 -0.518246 0.171504 -0.957948 -0.317845 0.423136 0.492198 -0.815185 0.382142 -0.131735 -0.715054 -0.627956 -0.639343 0.37147 -0.827668 0.709827 0.118261 -0.185503 -0.172137 -0.323347 -0.85704 -0.45977 0.0785938 0.247072 -0.481625 -0.752706 0.845189 -0.617363 -0.572065 0.145042 -0.168736 0.893034 -0.843279 0.795733 0.131176 -0.501138 -0.321502 0.511671 0.778555 0.375232 -0.843702 -0.371041 -0.310926 0.155851 0.287359 -0.578568 0.579426 0.580892 0.1769 -0.356034 0.293857 0.116201 0.329083 -0.86642 -0.222302 -0.844988 -0.603296 -0.161148 0.888402 -0.492543 0.770465 0.58163 -0.325816 -0.188966 -0.666717 0.360624 -0.00433737 0.0855165 -0.132329 -0.616478 0.0501688 0.540528 -0.253464 0.113006 -0.554542 0.748132 -0.131312 0.280208 0.672724 0.809213 -0.694608 0.0875963 0.826569 -0.293715 0.798929 -0.187794 -0.648317 -0.385126 0.361826 -0.811932 0.653029 0.548347 0.827077 0.800642 -0.302162 -0.262875 0.401914 -0.575392 0.560115 0.808467 0.173759 0.10144 -0.0651033 -0.88037 0.831939 -0.0672003 0.490675 0.839344 0.347406 0.230679 0.638881 0.369931 0.0550052 0.204669 -0.850471 -0.360897 0.882487 -0.154923 0.0993532 0.426731 0.00816591 0.170591 0.424146 -0.434676 0.247481 0.142909 0.523447 0.480486 -0.754415 0.303844 -0.713578 -0.00591838 0.199737 0.0262807 0.0471913 -0.522563 0.779696 0.295157 0.794829 0.249993 0.771739 -0.741542 0.197312 0.887057 -0.668263 -0.526309 0.413563 0.77281 -0.0607816 0.53537 -0.584669 0.486091 0.523313 0.276032 0.84284 0.0625166 0.701461 -0.873527 -0.194936 0.971391 -0.322764 -0.584653 -0.565953 0.231155 0.662093 0.0701268 -0.163568 0.604296 -0.532118 0.356976 0.772524 -0.227127 -0.77407 -0.472081 -0.557296 -0.279048 0.00836591 -0.827397 -0.635455 -0.566042 0.489578 0.817838 0.457099 -0.649464 0.480393 -0.124497 -0.409246 0.804663 0.900423 0.882377 0.188656 -0.871672 0.322638 -0.93554 0.0912168 0.612779 0.704122 0.457797 -0.611506 0.294863 -0.915674 -0.594736 0.21102 -0.761057 0.713584 -0.0122164 -0.156927 0.210709 0.109083 0.499223 -0.806081 -0.272503 -0.88247 0.199162 -0.489445 -0.645 -0.805538 0.474236 -0.655077 -0.904567 -0.613732 0.226948 -0.288861 -0.177257 0.0618922 -0.892096 0.745378 0.088769 0.884745 -0.95918 -0.929356 -0.73018 0.48934 -0.0206661 -0.596164 0.615297 -0.14811 -0.2884 0.808694 0.833644 0.714066 0.816753 -0.20568 -0.928898 0.543146 0.96144 0.625166 0.870314 -0.75141 0.63077 0.386233 0.657388 -0.294598 -0.336908 0.0348807 0.377827 -0.051662 -0.432507 0.0511042 -0.722279 -0.744379 -0.386441 -0.358427 0.127018 0.0372017 -0.129685 0.0411086 -0.100621 0.697564 0.936201 -0.320086 -0.56377 0.617294 0.466841 -0.773424 0.82239 0.702829 -0.0457721 -0.561036 0.662221 0.237757 0.830912 -0.00919066 0.597981 -0.602042 -0.978274 -0.123865 -0.276332 -0.460418 0.0343345 0.199218 -0.676819 0.652362 0.233442 0.242822 0.884312 0.722177 -0.701862 -0.885047 0.513069 0.880698 0.276102 0.0637667 0.895119 -0.279137 -0.4325 -0.327638 -0.321582 -0.00577749 0.708672 -0.238597 0.527553 -0.397438 0.337849 0.297717 0.702039 0.47275 -0.781967 -0.688275 -0.605347 -0.590298 0.320396 -0.0142734 0.702951 -0.891575 0.34299 0.121139 -0.18684 0.178067 -0.0491048 0.40455 -0.200797 0.353248 -0.594653 0.190733 0.406469 -0.591404 0.315626 0.543986 -0.103878 -0.480711 -0.733923 -0.625945 0.453127 -1.00882 0.265781 0.860382 -0.317948 -0.823529 0.440436 -0.0918844 -0.625251 -0.433609 0.678692 -0.419541 0.724709 -0.0607205 0.634956 -0.857617 -0.309194 -0.212405 -0.350511 0.356469 0.281048 0.620118 0.730512 0.426271 -0.316166 0.452868 0.630249 0.692032 0.202243 -0.704309 0.297571 0.140778 0.572311 -0.0696023 0.942906 -0.812219 0.478547 -0.532836 -0.711887 -0.0799825 -0.898431 0.261432 -0.507512 -0.794125 0.328401 -0.0526196 0.639732 0.241233 0.220165 -0.85668 0.886462 0.560061 0.573045 0.575839 0.116293 -0.34938 0.833723 -0.139079 -0.229004 0.72528 0.372822 0.0346284 0.712813 -0.0647168 0.846412 0.42236 -0.971442 -0.956077 -0.230949 -0.178444 0.656925 -0.193789 0.260221 -0.365515 0.923127 -0.643987 0.91707 0.296331 0.239619 1.00125 -0.268761 -0.472962 -0.579023 -0.138518 0.3376 -0.089705 -0.425301 0.162867 0.267794 0.292 -0.0401015 -0.544732 -0.404033 -0.800093 0.872803 0.888595 0.124544 -0.207477 0.862254 -0.489534 0.710611 -0.260578 0.898185 -0.607748 0.70146 -0.803112 -0.10635 -0.786307 0.399178 0.284542 -0.599259 0.174746 -0.261115 0.806992 0.777048 0.43463 0.488293 0.335581 -0.016942 -0.931772 0.0888549 -0.737376 0.501429 0.5444 0.460629 0.291388 0.523454 -0.5617 0.0542821 0.812007 -0.343837 0.93438 0.322566 -0.488408 -0.0329404 -0.248301 -0.417961 0.877711 -0.883106 0.0483388 -0.0601997 -0.812437 -0.633751 -0.221139 0.508197 0.535314 -0.158225 -0.643081 -0.540371 -0.44851 0.823358 -0.592019 0.648353 0.279656 0.444327 0.17009 -0.778233 0.724946 0.780643 -0.699154 0.535517 -0.156262 0.814912 0.248771 0.700296 0.277115 -0.55441 0.751904 -0.669202 -0.711796 0.0447067 -0.194725 -0.153624 -0.602529 0.736412 0.623411 0.0699943 
