DEPTH 9
BIASLOC 520
WIDTH 6 8 8 8 8 8 8 8 8 3 

INPUT_AVE 0.00245667 0.0186009 0.0124798 0.00849958 0.278677 0.489359 

OUTPUT_AVE 0.494651 0.493053 0.484597 

DATA 587
-0.909409 -0.779952 -0.59465 -0.136904 -0.0194734 0.206055 -0.770752 -0.548463 -0.593683 -0.214487 -0.650372 0.921271 0.818281 0.483257 0.874565 0.541467 0.875464 0.145896 0.895156 0.3716 -0.314167 -0.334945 0.178796 -0.0927082 -0.376091 -0.343841 0.94658 -0.0232595 -0.667292 0.0349625 -0.011277 -0.922817 -0.438475 -0.53889 -0.907215 0.152121 0.41613 -0.0810663 0.894446 0.530892 0.136644 -0.713056 0.587642 -0.55782 0.648134 0.263461 -0.464078 0.593173 0.418444 0.782564 0.0715256 0.746375 0.650134 -0.0559036 -0.475503 0.0131605 0.851359 -0.22421 -0.900351 0.211127 -0.590061 -0.141881 0.437263 -0.59915 0.673596 0.147071 0.63753 -0.161148 0.273086 -0.930322 -0.765705 0.675664 0.742099 0.761308 -0.305934 -0.80704 0.338512 -0.258642 0.306039 0.690872 0.128276 0.742906 -0.552201 -0.472693 0.86749 0.318442 0.368144 -0.946951 0.916373 0.310705 -0.923327 -0.408217 -0.881701 -0.443823 0.897277 -0.40684 0.612039 0.870237 -0.426799 -0.676333 0.249653 -0.494179 0.333399 -0.264128 -0.137539 -0.555268 -0.0828872 -0.501354 0.0930207 0.466002 -0.75942 0.751081 0.180125 -0.0713764 -0.743544 0.504156 0.793318 -0.853175 0.675088 0.696603 -0.428834 -0.565857 -0.0503953 0.122373 0.840992 -0.0395058 0.91814 0.290551 -0.70885 0.181433 -0.743547 0.632123 -0.135773 -0.0751787 -0.0762618 -0.578416 0.24799 -0.0137217 -0.4404 0.425775 0.480451 0.175454 -0.565779 -0.422465 0.78935 -0.80366 0.734435 -0.253846 0.367185 0.332908 -0.410726 -0.302657 0.623975 -0.456819 0.108586 -0.294902 -0.057159 -0.864837 -0.464543 -0.797588 0.525662 0.185831 0.379438 0.600467 0.533529 -0.225613 0.355278 -0.341881 -0.336642 0.459418 -0.769172 0.667316 -0.0256952 -0.739149 0.312972 0.178965 0.0405599 0.722691 -0.876738 0.472396 -0.540887 0.132423 0.863007 0.398803 0.583122 -0.516029 0.218396 0.136987 -0.527276 0.908895 0.629877 0.0223841 -0.134086 -0.514608 0.779344 0.66592 0.494059 -0.753568 0.589538 -0.765461 0.155638 0.159369 -0.776745 0.134478 0.0017814 0.269738 0.892606 -0.567081 0.609115 0.720013 0.706204 0.743526 0.291722 0.707107 0.790835 -0.201942 -0.659585 -0.253826 -0.483383 -0.563082 0.0780225 -0.369821 -0.033753 0.656332 -0.00360924 -0.076479 0.791654 0.251775 0.250062 -0.0170912 -0.284587 -0.783796 -0.929744 0.63532 -0.206996 0.454959 0.767598 0.217109 -0.0191035 0.925138 -0.419838 0.840731 -0.523317 -0.457306 0.791453 0.277443 0.030963 -0.154746 0.471249 0.789323 -0.320009 -0.900507 -0.877287 -0.586518 0.289518 -0.0909804 0.709482 0.652159 0.719024 0.88519 0.154248 -0.0424721 -0.46923 0.149384 0.893506 -0.293371 -0.873843 -0.777245 0.813888 -0.296034 -0.402895 0.676856 0.540891 0.114748 -0.496002 0.657605 0.884111 0.266436 -0.376496 -0.420664 0.0227063 0.160717 -0.180075 0.0926368 -0.408522 0.529551 -0.43929 -0.314216 0.700735 -0.182406 -0.624071 -0.0212608 0.422876 -0.592683 0.0397137 -0.781865 -0.207086 0.239985 0.928919 0.125388 -0.93845 -0.569243 0.436433 -0.275683 -0.719173 -0.0936372 -0.873203 -0.864311 -0.916891 0.777779 0.869747 0.00810546 0.335392 0.746664 -0.763126 0.432895 -0.199584 0.507001 0.0643477 -0.297135 -0.219934 -0.461989 -0.730042 -0.33745 -0.711585 0.34506 0.719919 -0.776439 -0.742732 0.825122 -0.140131 0.291623 0.409546 -0.74476 0.682975 0.319778 -0.312004 0.093249 0.6647 -0.385349 0.505052 -0.589008 0.730019 -0.615099 0.096968 0.215807 0.362136 -0.949333 0.440439 -0.251854 0.776368 0.653451 -0.0579845 -0.497129 0.917539 0.676246 0.537535 -0.920722 -0.299102 0.591726 0.0523912 0.933762 -0.201237 -0.360803 -0.699159 -0.682473 -0.316937 -0.787224 -0.841939 -0.0953552 -0.31238 0.0754212 -0.213195 0.00433666 0.715226 0.0500709 -0.694683 -0.464475 0.911119 0.259733 0.278258 0.631053 -0.440625 0.0595248 -0.0852829 0.278737 -0.208799 0.267412 -0.886496 0.414065 0.830181 -0.628705 -0.181056 0.65326 -0.306504 0.704419 -0.782614 0.515485 -0.322703 -0.91214 0.840603 0.700041 -0.263024 -0.660835 -0.843412 0.163601 0.156562 0.0624549 0.845274 -0.477633 0.126768 -0.114522 -0.220855 -0.407053 -0.376891 -0.592419 -0.251861 -0.383253 -0.66743 0.793716 -0.712916 0.874021 -0.465175 -0.895381 -0.38543 -0.272367 -0.555704 0.190479 -0.900299 -0.393602 0.700049 -0.893099 0.449539 -0.319896 0.23866 -0.756405 -0.676983 0.0603138 -0.624033 0.360886 0.164576 0.111678 0.139881 0.247071 -0.105972 -0.84035 0.649083 -0.594014 -0.888046 0.553167 -0.301784 0.495506 0.522829 0.527861 -0.76092 -0.490576 -0.273061 0.806355 0.00222874 0.213176 -0.608607 -0.813352 -0.133426 0.545371 -0.268117 -0.0723447 -0.590512 0.146075 -0.121852 0.308682 -0.825866 0.0759209 0.32654 0.611863 0.113676 -0.54437 0.236801 -0.702241 0.878651 -0.812777 -0.592724 -0.557638 0.24068 0.467066 0.916672 -0.326069 -0.421485 0.146468 0.415599 -0.343018 -0.710216 0.139088 0.865929 0.763635 -0.68219 0.599133 -0.12347 -0.51663 -0.663693 -0.487512 -0.259283 0.0939513 0.730486 -0.772761 -0.00998342 0.0175406 0.927416 -0.736299 -0.15244 -0.431984 -0.499902 0.669812 0.943514 -0.454407 0.149364 0.748863 0.836709 0.0132321 -0.0167576 0.328528 0.0758587 -0.728671 -0.902665 -0.466682 0.57901 -0.812827 -0.804985 0.908049 -0.0215693 0.488908 -0.822712 0.503872 -0.263235 0.636757 -0.534428 -0.832091 0.611 0.256178 0.922878 0.344858 -0.549621 0.0367541 0.315386 0.529377 -0.388963 -0.10505 -0.68221 -0.468424 -0.198428 0.031127 -0.102698 -0.429408 -0.118957 0.320894 -0.782931 0.701847 -0.351239 0.154211 -0.668198 -0.707119 0.466646 -0.793205 0.569823 0.443186 -0.867627 0.705432 0.241048 0.207486 0.0890793 -0.614277 -0.245764 -0.706604 -0.17414 -0.896662 0.428713 0.27395 0.794078 0.798802 0.835022 0.874021 -0.227808 -0.541663 -0.85654 0.568745 0.132428 -0.430531 -0.43902 
