DEPTH 9
BIASLOC 520
WIDTH -69511696 473 -889323486 -889323480 -69512224 473 -11173664 473 0 0 

INPUT_AVE 

OUTPUT_AVE 

DATA 587
-0.888778 0.740266 0.110941 -0.049932 0.0572519 -0.943112 0.772162 -0.455894 -0.85107 -0.773085 0.848301 0.866065 0.0315717 0.473733 -0.594023 0.542011 -0.0777299 0.260249 -0.253241 0.887434 0.545088 0.412026 -0.377784 0.740816 0.357916 -0.674414 -0.853644 -0.622991 0.892914 -0.330638 -0.479546 0.92132 0.32756 0.66072 0.9309 -0.414084 0.743 0.326752 0.0385368 0.133264 -0.440861 0.557717 0.0577747 -0.85156 0.491439 -0.275579 -0.269274 -0.887968 0.917851 -0.131378 0.746432 -0.56637 -0.75735 0.978006 0.806092 0.831656 -0.891438 0.841535 -0.303862 0.918688 0.618164 0.459341 -0.317584 0.237143 0.102154 0.867707 0.3182 -0.386533 0.689374 -0.242399 -0.682402 0.223843 -0.601275 0.679931 -0.508362 -0.902562 0.328765 0.148318 0.581966 0.223882 -0.339997 -0.149782 -0.276679 -0.705462 -0.799527 -0.0656262 0.583609 -0.365345 0.90834 -0.279014 -0.889604 -0.669995 0.968821 0.530364 0.378626 0.762312 -0.418855 -0.08952 0.0812055 -0.562281 -0.0216293 -0.704799 -0.290276 0.880998 -0.520357 -0.270469 -0.677203 -0.162012 0.923741 0.659729 0.325111 -0.228756 -0.28918 0.455077 -0.226278 0.866807 0.909591 -0.41755 0.0212713 0.772445 -0.476158 -0.525591 -0.753304 0.101326 0.72122 0.879554 -0.68988 0.388558 0.649092 -0.921961 0.2183 -0.933213 -0.498263 0.0412406 -0.578704 0.467134 0.966883 0.530526 0.374987 0.804074 -0.869084 0.802693 -0.207322 0.432544 0.829105 -0.425957 -0.0979405 0.756578 -0.303715 -0.216865 0.0682782 -0.925329 0.487942 -0.258018 -0.866886 -0.892125 0.706232 0.842275 0.937575 0.720009 0.193749 -0.775898 0.839157 -0.891688 0.852705 -0.150205 -0.489135 -0.0048974 -0.666376 0.162235 0.404885 0.874472 0.520177 -0.484352 0.602351 -0.386663 -0.313319 0.0521322 0.204489 0.15527 0.488365 0.841957 0.322705 0.399083 0.690322 -0.288681 0.0941824 -0.913899 -0.799783 0.283646 -0.426246 0.124093 -0.206818 0.918476 0.872773 -0.316562 0.213459 -0.503049 -0.491782 0.791998 0.0054726 0.216739 0.0364442 0.0589531 -0.259037 -0.150665 0.914156 0.169473 -0.127021 -0.542985 0.859436 -0.239093 -0.160684 -0.516135 -0.666425 -0.338771 0.188716 -0.503739 -0.917792 0.611688 -0.511878 -0.0417304 -0.37706 0.314528 0.318415 0.433645 -0.472664 -0.0218565 0.622843 0.579331 0.892621 0.462364 0.0770924 -0.216952 -0.564213 -0.0906104 -0.750222 -0.56429 0.240149 -0.558904 0.644514 -0.431158 -0.258296 -0.319909 0.406658 0.339383 -0.782885 -0.0115508 -0.522777 0.114207 0.227617 -0.0404602 -0.890178 -0.740933 0.755145 0.312197 0.757832 0.803636 -0.907216 -0.200969 -0.489534 -0.0228891 0.22464 -0.856421 0.528434 -0.394578 0.262888 0.670294 -0.699265 0.696267 0.0516731 -0.653812 -0.34295 0.719539 0.0653029 0.960668 -0.469793 -0.446703 -0.885237 -0.958416 -0.476388 -0.112055 -0.13018 0.162621 0.0440493 0.50339 -0.0498877 0.614482 0.768836 -0.503587 0.348643 0.604233 0.376548 0.0492548 -0.340388 0.352845 0.263663 -0.783967 0.331566 0.242591 0.425885 -0.823585 0.529159 0.427857 -0.125546 0.0784727 0.245865 0.485036 0.609702 -0.372328 0.899081 -0.159509 0.804278 0.0152532 -0.557341 -0.158831 0.175681 -0.177933 -0.840354 0.145013 -0.631564 -0.694268 0.908113 0.797199 0.507342 -0.363408 0.20296 -0.793773 -0.436165 0.735415 -0.529516 -0.534055 0.0233902 0.167075 -0.500225 -0.257382 0.783651 -0.251059 0.889103 0.74523 0.512768 0.585826 -0.337077 0.124928 0.803416 0.73836 0.346772 -0.519552 -0.522155 0.386082 -0.169931 0.134437 -0.676149 0.939008 -0.537793 0.729783 0.737722 0.852143 0.790864 0.4773 -0.661983 0.411514 -0.752732 0.305119 0.428681 -0.748626 0.497294 -0.236216 -0.247207 -0.665708 0.434344 -0.241661 0.147037 -0.367482 -0.359129 -0.282699 -0.418618 0.604515 0.340285 -0.404389 0.159235 0.446883 -0.987212 0.0386181 -0.463651 0.0762754 0.521585 0.464162 0.746545 0.563854 0.567793 0.795861 -0.549196 0.240766 -0.0679625 0.900356 -0.870478 -0.927933 0.654721 -0.908217 -0.607381 -0.214341 -0.511977 -0.241598 0.582927 0.23255 0.466908 -0.124369 -0.665105 0.49318 0.801102 -0.094705 0.78051 -0.548536 0.135853 -0.721567 0.223613 0.291893 0.519901 -0.227498 0.826058 -0.282438 0.012392 0.0783514 -0.33564 -0.54331 -0.894029 -0.318188 0.61121 -0.25075 -0.285577 0.877852 0.057116 -0.0247436 0.974675 0.526197 0.469227 -0.351121 0.945153 0.533118 -0.146247 -0.534507 0.0295333 0.918445 0.00438252 -0.115627 0.674389 -0.482056 0.277918 0.874661 0.56068 -0.168225 0.127893 -0.0941223 0.667195 -0.773829 -0.939861 0.436376 0.454497 0.894951 -0.168153 0.315137 0.426346 0.892492 -0.0202724 0.621749 0.639787 -0.362431 0.744315 0.730437 -0.122833 0.50361 0.247812 0.224034 -0.0217146 -0.79438 0.514006 -0.615323 0.764254 -0.0211766 0.889897 -0.495274 0.0173394 0.226547 -0.304493 -0.393771 -0.46389 -0.885742 0.129863 -0.0403326 -0.792799 -0.811576 0.123718 0.836969 0.000138456 -0.896035 -0.0297124 -0.725544 0.669917 0.286379 0.893655 0.509716 0.859361 -0.142896 0.966034 -0.0689045 -0.706944 0.482742 -0.195483 -0.791748 0.391917 -0.49843 0.0454135 0.297634 0.874556 0.894986 -0.634734 -0.393367 0.231396 0.40551 -0.245778 1.02235 -0.446989 0.270437 0.266844 0.274751 0.763334 0.89883 0.281675 -0.338406 0.0618917 -0.535347 -0.142914 0.500367 0.793409 -0.737827 0.803492 -0.884504 -0.0169481 0.177816 -0.655727 -0.370162 -0.0369225 -0.972003 -0.407711 -0.483962 0.151686 -0.691548 0.401715 -0.655069 0.64515 0.528554 -0.0712011 0.682459 -0.588631 -0.691021 -0.824362 -0.636058 -0.98519 -0.711306 -0.861267 -0.647504 -0.687091 0.261783 0.0296898 -0.626481 -0.350952 0.156741 0.26743 0.594825 -0.644385 -0.66199 0.248618 0.369973 -0.676559 -0.741209 -0.999091 -0.295929 -0.0269148 0.0264459 0.448089 -0.0270999 -0.702619 0.954002 0.204627 0.818592 -0.651012 
