DEPTH 9
BIASLOC 520
WIDTH 6 8 8 8 8 8 8 8 8 3 

INPUT_AVE 0.00245667 0.0186009 0.0124798 0.00849958 0.278677 0.489359 

OUTPUT_AVE 0.494651 0.493053 0.484597 

DATA 587
0.0949232 -0.14936 0.207691 0.739079 -0.472859 -0.349315 0.859603 -0.933067 -0.678685 -0.112362 0.313948 0.015178 0.562437 -0.705045 0.00822014 -0.271169 0.144368 -0.242414 0.317281 -0.802785 -0.231998 0.0953266 0.609868 -0.877317 0.81462 -0.0973951 -0.550734 -0.525581 -0.0922499 -0.793668 -0.811418 -0.0985804 0.767175 0.832476 -0.0521682 0.363649 -0.282218 0.947374 0.903755 -0.0531005 -0.100003 0.543874 -0.0796861 -0.0594909 0.536818 -0.0157899 0.0456095 0.664238 0.946445 -0.52973 -0.22852 0.825385 0.947236 0.398145 0.948638 0.176134 0.871849 0.254925 0.401432 -0.118687 0.0368621 0.0165491 0.321082 0.177674 0.243677 0.860799 -0.156574 0.449623 0.874111 0.0577707 -0.535943 -0.0880359 -0.114289 -0.570394 0.019383 0.261606 -0.450715 -0.0338644 0.854827 0.831411 0.232046 0.510131 0.6836 -0.125758 0.88207 0.815796 -0.408918 -0.691787 -0.137757 -0.475555 -0.376184 -0.299101 -0.358247 -0.761731 -0.786266 0.554242 -0.621697 0.67682 -0.435755 0.130006 0.901493 0.805857 -0.592058 -0.244041 -0.598935 0.554466 0.0842302 0.694768 0.552451 -0.181557 0.16239 0.186013 0.624303 0.20217 0.126371 -0.485456 -0.036358 -0.098107 0.895119 0.589355 0.0784584 0.159894 -0.428414 -0.616425 -0.825801 -0.837367 0.510803 0.294722 -0.445469 -0.0590846 -0.689697 -0.344252 0.749032 -0.882809 -0.612192 -0.582892 0.372218 0.845275 -0.301866 0.644058 -0.268861 -0.0415648 0.387268 -0.538255 -0.789712 -0.777755 -0.844742 0.805229 0.181846 0.801352 -0.392747 0.265036 0.724973 -0.234963 -0.0125542 0.532652 0.788873 0.0606566 -0.901804 0.62555 0.236496 -0.359524 0.585246 -0.901529 -0.209358 0.145695 0.785876 0.691635 -0.306809 -0.21115 -0.599159 -0.862767 -0.552776 0.559445 0.498373 -0.210679 -0.24951 -0.391559 -0.39607 -0.89175 0.139755 0.230078 0.0652888 -0.420672 -0.687267 -0.850406 0.0483312 -0.365416 -0.717066 -0.140222 -0.14413 0.392592 -0.513614 -0.122859 0.694477 -0.5694 -0.593918 0.508817 -0.0611469 0.254218 0.124541 0.224521 0.790896 -0.100192 -0.774791 0.0969431 -0.761594 -0.356885 0.0823095 -0.354782 -0.299537 0.457846 0.0654899 0.604962 -0.111197 -0.477596 -0.455476 0.259985 -0.757696 -0.687433 -0.749254 0.510172 0.0129116 0.212481 -0.572198 0.623042 0.886666 -0.0728285 0.644239 0.282922 0.770447 -0.807468 0.681507 0.410876 -0.75793 0.123395 0.542412 0.830649 -0.547663 -0.210211 -0.604763 0.352298 0.545362 0.229611 -0.172568 0.619034 -0.682364 0.687781 0.65047 0.612541 -0.339899 0.31792 -0.655401 -0.821009 0.733479 -0.802529 0.0123438 -0.619503 0.353494 -0.246493 -0.462417 0.342935 0.788256 -0.716351 0.383637 0.646629 -0.571328 0.0206895 0.893699 -0.386838 0.511288 -0.441254 0.257036 0.767226 0.820034 -0.0494592 -0.401148 -0.445917 0.706021 -0.135474 0.507171 -0.472158 -0.689213 -0.759497 0.0666843 0.865197 0.54623 0.633639 0.593175 -0.615901 0.185311 0.820475 -0.496688 -0.577766 0.518072 0.824546 0.200393 0.679977 -0.28149 -0.259683 0.930413 -0.419359 0.358057 0.178867 -0.8844 -0.211241 -0.522392 0.511461 -0.0585245 -0.35367 0.167028 0.103309 0.367511 -0.445524 -0.811271 0.19203 -0.933882 -0.82764 -0.498148 -0.0711716 -0.032441 0.20544 -0.534495 -0.948104 -0.0229704 0.82256 -0.810552 0.368756 -0.797193 0.279166 -0.0275922 0.375817 0.759751 -0.619181 -0.458558 -0.727652 0.352117 -0.00514197 -0.90662 -0.608102 -0.151067 -0.42137 0.23032 0.548339 0.475573 -0.383254 0.154053 -0.900498 0.210961 -0.447037 0.388509 0.36665 -0.46051 0.903636 0.804441 -0.0336493 0.232808 0.917181 -0.823002 0.604947 0.279076 -0.232919 -0.65958 -0.131928 -0.935701 -0.230833 0.355823 -0.380292 -0.485474 -0.703191 0.0657331 0.534234 -0.0968258 -0.243708 -0.828243 0.401054 0.087294 -0.675023 -0.23035 0.259532 0.117111 0.348834 -0.376215 0.430109 -0.150349 0.00955594 0.500929 -0.796155 -0.651826 0.0695732 -0.76891 -0.275272 -0.755013 -0.234704 -0.3462 -0.701111 0.0623309 -0.795563 -0.791748 -0.529894 0.480486 -0.368401 -0.374498 -0.635399 0.438775 0.82269 -0.691346 0.047556 -0.730967 -0.00956935 -0.0472971 -0.356148 -0.109339 0.526825 0.606202 0.821266 0.224797 -0.516224 -0.266891 -0.141616 -0.881899 -0.717402 -0.130529 0.498573 0.513723 -0.310218 -0.1472 -0.508265 0.88838 0.421822 -0.376 0.566617 0.872736 -0.530346 -0.316394 -0.0627418 0.563113 0.133645 -0.78436 0.814337 0.00157338 0.605935 0.900562 -0.510916 -0.120668 0.434837 0.755973 -0.586733 -0.771546 0.300898 0.883665 -0.648685 -0.705756 -0.25652 -0.851399 0.0940397 0.939947 0.899846 0.610193 0.511733 0.102674 0.787872 0.617533 0.57117 -0.718782 -0.548242 0.843977 0.858976 -0.687352 0.477255 -0.206507 -0.790195 0.80977 0.337752 0.271991 -0.229247 -0.0239246 -0.43409 -0.554204 -0.656824 0.394606 -0.521752 -0.0710575 0.339481 0.00605589 -0.403515 0.207324 0.686653 0.0209139 0.76153 0.94284 -0.463334 0.171425 0.718265 -0.640323 0.356649 -0.333535 0.302719 -0.5639 0.439528 0.927875 -0.626986 0.852847 -0.939441 0.484114 0.455875 -0.674548 0.358893 0.050734 0.942312 0.731856 0.694178 -0.921433 0.194252 -0.425871 0.879528 0.52467 0.211532 0.763063 -0.813239 -0.219691 0.00759381 -0.57918 0.202666 0.647353 -0.111747 0.861647 0.353985 -0.445192 -0.417069 -0.46584 -0.365504 -0.498332 -0.505905 -0.938331 -0.487299 -0.547354 -0.3752 -0.310464 -0.470831 0.189003 0.866168 0.256523 -0.337189 -0.887653 0.468281 0.0225675 -0.140417 0.162851 -0.900254 0.0543196 0.827103 0.472093 -0.521055 -0.610718 0.397349 -0.0373147 0.506213 0.728784 -0.394476 0.314117 -0.824386 0.609394 0.336657 0.570548 -0.728099 -0.942507 -0.715113 0.87843 -0.186061 0.902114 -0.106278 -0.688177 -0.160744 -0.0839036 0.666951 -0.811551 -0.411517 0.190719 -0.639719 0.481135 0.775302 0.856447 -0.945996 0.20948 -0.187927 -0.199851 
