DEPTH 9
BIASLOC 520
WIDTH 6 8 8 8 8 8 8 8 8 3 

INPUT_AVE 0.00245667 0.0186009 0.0124798 0.00849958 0.278677 0.489359 

OUTPUT_AVE 0.494651 0.493053 0.484597 

DATA 587
-0.807893 -0.642132 -0.806983 -0.157647 0.513702 -0.973413 -0.379074 -0.42723 0.738416 -0.446208 0.12731 -0.741196 0.35846 0.0538913 -0.410201 -0.605503 0.0865545 0.719313 0.951208 0.0250196 -0.651356 -0.0640727 0.467687 0.861617 -0.552315 -0.543439 0.750911 -1.15237 0.0297417 -0.424382 -0.998652 -0.345171 0.23993 -0.397656 -0.305865 0.725533 -0.211841 -0.342176 -0.690019 -0.0142082 0.381608 -0.435094 0.200617 -0.821244 0.401305 0.116649 -1.03408 -0.341801 0.0997645 -0.622656 0.391616 0.369294 0.3272 0.865849 -0.460426 0.551045 -0.920916 0.715048 0.00624404 -0.224899 -0.0829881 0.571505 -0.476237 -0.231861 -0.666048 -0.439253 0.85978 0.408565 -0.528368 -0.264874 -0.167332 -0.572755 0.212205 0.228527 0.932374 0.0351563 -0.585524 0.87603 -0.432885 -0.636694 0.190747 -0.840999 0.130206 -0.0868726 -0.335205 0.555916 1.15102 0.144369 0.0494488 0.0612839 -0.611921 0.400484 -0.480544 0.0178801 -0.0967012 0.124156 0.847134 0.456855 0.825664 -0.625687 -0.707578 -0.381323 0.0576362 -0.515386 -0.656425 -0.738974 0.51322 0.980429 0.831956 -0.731903 -0.491376 -0.979574 -0.263963 0.211482 0.876826 -0.201436 -0.356331 -0.294357 -0.656283 -0.1258 -0.0830469 -0.174449 0.326715 0.623363 -0.735039 -0.265201 -0.221091 -0.815601 0.734414 -0.739104 -0.615244 0.281654 0.237396 0.833489 0.326332 0.275182 0.425158 -1.01609e-05 0.750877 -0.439753 0.298684 0.508763 0.664476 0.543056 1.01774 0.429598 -0.573849 -0.767002 -0.995755 0.831606 -0.10871 0.46145 0.297098 -0.270325 -0.344956 -0.384271 0.344771 0.588588 0.204903 -0.191051 -0.750031 0.472128 -0.695393 -0.260857 0.452363 -0.173645 -0.701122 -0.123456 -0.223076 -0.0977513 -0.625441 0.397606 0.3513 0.73601 0.51235 0.0521687 -0.35335 -0.9276 0.804428 0.385777 0.344885 0.51332 0.80422 0.763824 -1.24441 0.251956 -0.582447 -0.00293497 -0.806382 -0.481181 0.398803 0.0344582 0.214176 -0.951514 0.073285 0.153773 -0.2186 -0.498492 -0.826569 -0.712298 -0.450333 -0.734992 -0.676546 0.189547 -0.258251 -0.518353 -0.175045 0.391714 0.857073 0.442554 -0.221033 -0.0075099 0.671218 0.171808 0.774358 -0.103418 -0.171817 0.251673 0.075461 -0.432889 -0.0785972 -0.633029 0.613208 -0.56845 0.797856 0.0697775 -0.0564067 0.04826 0.542706 0.877339 0.175761 -0.219258 0.909174 0.708168 0.427319 -0.185833 0.131581 -0.655128 0.758215 -0.271257 0.73665 0.497165 -0.0823618 0.709252 0.0202229 -0.382924 -0.573516 0.546233 -0.294101 -0.677343 0.753184 -0.28526 -0.739577 -0.528804 -0.463367 0.47451 0.668166 -0.657283 -0.779704 0.352871 0.255662 -0.140494 -0.553031 0.0882835 -0.131104 -0.527304 0.140514 -0.098211 -0.289052 -0.730036 -0.493606 0.52566 -0.436298 0.163422 -0.525799 0.407786 0.163434 -0.921952 0.424708 -0.66047 0.353133 0.381641 0.192007 1.01118 0.94167 0.713866 -0.379867 -0.829996 0.0278803 -0.531766 -0.109992 -0.352232 -0.90865 0.714278 0.23621 -0.592384 0.374624 -0.767843 0.732804 0.638561 -0.677329 0.0177644 0.171555 0.740936 0.353851 0.980733 0.325926 0.228625 -0.327378 0.35311 -0.60092 0.0447743 -0.347812 -0.345771 -0.739275 -0.324439 0.538394 0.525738 0.660211 -0.995085 -0.516789 -0.446485 -0.67535 -0.21958 -0.230845 -0.691647 0.603962 -0.218652 -0.622466 0.160179 -1.0537 0.811241 0.0614247 -0.805914 0.530945 0.423374 0.279418 -0.767941 0.366596 0.857232 0.899893 -0.682544 -0.694303 0.508989 0.523923 -0.668028 0.170352 -0.0157879 0.556726 -0.924566 -0.884594 -0.223745 0.34657 -0.889765 0.11235 0.243561 0.189638 -0.839131 -0.862651 0.697898 0.250461 0.945266 0.997523 0.678507 0.319452 0.839027 0.480426 0.170354 -0.241311 -0.388275 0.462837 -0.159591 -0.652582 0.333511 0.496207 -0.852407 -0.171824 0.885183 -0.597651 -0.258932 -0.717903 0.348557 0.606282 0.463442 -0.7157 0.0211513 0.773682 0.106968 -0.548298 -0.376002 -0.0649906 0.528063 -0.758399 -0.724334 -0.656949 0.61202 0.626257 -0.760563 -0.616146 -0.448061 0.749847 -0.208474 -0.845609 0.0438519 -0.991831 0.207271 -0.694011 0.601579 -0.903655 0.489367 -0.338291 -0.890349 -0.539001 -0.436377 -0.320087 0.538454 -0.609382 -0.496749 -0.836575 -0.323783 -0.563882 -0.220155 -0.486963 0.209107 0.380783 0.2557 -0.181847 0.706491 0.134477 0.504879 -0.351972 0.477325 -0.0934667 -0.0908421 0.226661 -0.854082 -0.271709 -0.214302 -0.589546 0.853035 0.12401 0.00991917 -0.488188 0.571302 0.356834 -0.263462 -0.0211929 -0.190327 0.18317 0.133901 0.381228 0.332 -0.339929 0.845594 -0.545249 -0.838304 -0.0114093 -0.774613 0.765653 0.704714 -0.576254 -0.176172 0.186771 -0.064964 -0.22261 0.44379 0.399449 0.0759383 0.210376 -0.757755 1.05074 0.248877 -0.663515 -0.0906708 0.327627 -0.0613993 0.656216 -0.261136 0.2846 0.252578 -0.94132 -0.159004 -1.01039 -0.786616 0.274693 0.686302 0.225587 0.918494 -0.692871 0.298394 -0.045821 -0.729339 -0.146428 -1.07436 0.829716 0.685755 1.01864 -0.311142 -0.859772 0.0560283 0.299821 -0.63092 0.257871 -0.454651 1.08226 0.103004 0.411229 0.396123 0.730034 -0.792159 -0.00614545 0.687298 0.981826 0.416618 0.791775 0.0196409 -0.0548558 0.540574 -0.320328 0.777656 0.235766 -0.00949561 -0.555561 0.355199 1.06329 0.503464 0.673223 0.419201 0.336294 1.17045 -0.42593 -0.096111 -0.147536 -0.389311 -0.514708 -0.539568 -0.293345 -0.838567 -0.893897 -0.105178 -0.0364242 0.216676 1.01517 -0.70762 0.316929 -0.814746 -0.779458 0.378325 -0.308305 0.615852 0.111238 -0.697087 0.129231 0.167603 -0.790851 0.771622 -0.13567 -0.330859 0.122271 0.238405 -0.270738 0.774774 -0.479135 0.181539 -0.512485 0.553827 0.430243 -0.161791 -0.0395571 -0.315521 0.40202 -0.0315955 0.125293 0.373126 -1.02771 0.373397 -0.121151 -0.782526 0.375225 -0.604256 -0.383443 -0.693791 -0.133394 -0.221097 0.112294 0.468657 0.419761 
