DEPTH 9
BIASLOC 520
WIDTH 6 8 8 8 8 8 8 8 8 3 

INPUT_AVE 0.00245667 0.0186009 0.0124798 0.00849958 0.278677 0.489359 

OUTPUT_AVE 0.494651 0.493053 0.484597 

DATA 587
0.111456 0.932199 -0.734822 0.336172 -0.310057 0.722418 0.147353 0.948757 -0.078961 -0.908532 -0.250264 -0.787201 0.68297 0.232498 0.275937 -0.52361 0.281812 -0.742515 -0.426915 -0.437375 -0.804395 -0.535412 0.528773 -0.858991 0.939752 -0.331673 0.485487 0.598184 0.841507 0.925861 0.265401 0.286454 0.136313 -0.527966 0.762752 0.81695 0.699268 0.712693 0.336433 0.663542 0.937426 -0.896383 -0.764931 0.854049 -0.804469 0.830767 -0.395213 0.810537 -0.185081 -0.489841 -0.373222 -0.463642 0.0570003 0.293287 0.0573295 -0.342098 0.777074 -0.73763 -0.698934 0.558193 -0.567278 0.0217463 0.689153 -0.850639 -0.641673 0.183467 -0.920104 0.354075 -0.0303956 0.841335 -0.427045 0.518567 -0.451001 0.570877 -0.777287 0.140754 0.611673 -0.255525 -0.0727156 -0.0732872 -0.891549 0.209887 -0.54891 -0.075174 0.467044 -0.0273764 0.450107 0.433742 0.268929 -0.165391 0.566363 0.923485 -0.354644 -0.106345 -0.0630198 -0.117481 0.868786 -0.0138386 0.338837 -0.793043 0.24712 0.264976 0.537622 0.111008 -0.132391 0.769381 -0.118696 0.36656 -0.122313 -0.348183 0.692492 -0.936789 0.815923 -0.224866 0.788932 0.787449 -0.897073 -0.382523 0.603151 -0.387241 0.393287 -0.77545 0.591696 -0.926926 0.0356072 -0.640409 -0.125891 0.617458 0.17233 -0.801834 -0.551808 0.744353 0.721956 -0.577088 -0.385778 0.47222 0.926952 0.806602 0.103007 0.388274 0.515402 0.601364 0.767466 0.247904 0.301696 -0.564154 -0.853254 0.643477 0.506101 0.176418 0.559352 -0.773001 -0.823143 -0.414457 -0.924578 -0.840109 0.54842 -0.560208 0.262442 0.448055 -0.672297 0.261854 0.279778 0.898967 -0.19296 -0.0508793 -0.473006 0.264663 -0.0700927 -0.764671 0.907423 -0.924061 0.802729 -0.223665 -0.173079 -0.865909 0.546677 0.523405 0.168187 0.730644 -0.524683 0.820326 -0.282201 0.705224 -0.535456 -0.350856 0.923712 0.752978 0.646478 0.788278 0.269951 0.307191 0.673645 0.102782 -0.0533402 0.405999 0.43751 -0.380881 0.837413 -0.616998 0.259403 0.133707 -0.411005 0.340891 0.282047 -0.210674 0.380472 -0.85855 -0.806517 0.168243 0.481774 0.357972 -0.759827 0.905759 0.560272 -0.225301 0.111179 -0.843447 0.60172 -0.0393068 0.523036 -0.673619 0.870717 -0.752821 0.754829 0.671181 0.8192 -0.758373 -0.505568 -0.46003 0.0422682 -0.578511 0.173489 0.172356 -0.947808 -0.170059 -0.173676 0.465207 0.315013 0.535735 0.442887 0.476004 -0.868024 -0.637915 -0.710751 0.661971 0.238492 0.910914 -0.611509 -0.498539 0.308493 -0.3573 -0.453399 0.450244 0.678389 -0.688384 0.259037 0.226853 0.260117 -0.0191418 0.166568 -0.930498 -0.394018 -0.185518 -0.638244 -0.274016 0.350615 0.293136 -0.253551 -0.86546 -0.747733 -0.438572 -0.579522 -0.242231 0.444258 0.126616 -0.0941272 -0.582485 0.878544 -0.341219 -0.765034 -0.110966 -0.222791 0.356359 -0.253919 -0.0708761 0.264013 0.0799028 0.00498748 0.385611 0.847366 0.454419 -0.445463 -0.226871 0.500299 0.56362 0.939727 0.474524 0.211812 -0.00598055 -0.147883 0.896959 -0.82505 -0.360183 0.575332 -0.675569 -0.246507 0.0822093 -0.416424 -0.0717821 0.296311 -0.0570801 0.572265 0.477266 -0.868463 0.827852 0.932187 0.545823 0.810826 0.463303 -0.586983 -0.421774 -0.673593 -0.200948 0.0175948 -0.861817 -0.817577 0.812068 -0.421222 0.863064 0.869683 0.140446 -0.263227 0.529806 -0.096414 0.178259 -0.852231 0.183521 -0.767618 0.560917 -0.311982 -0.426636 0.733746 -0.936736 0.533932 0.911602 -0.830154 0.399714 -0.0188496 -0.232535 0.398869 -0.255934 -0.0790783 0.123748 0.78768 0.42459 -0.172841 -0.868536 -0.169387 -0.764281 -0.0824363 0.0112551 0.144 0.385531 -0.260487 0.391236 0.329588 -0.246983 0.641163 -0.21107 -0.0549634 -0.440279 -0.923305 -0.558531 0.64626 -0.561707 0.344994 -0.800865 0.475401 -0.590287 0.518779 -0.934648 -0.0654213 -0.270637 -0.489458 -0.0853738 -0.426967 0.242452 -0.719327 -0.431141 0.849735 0.888939 -0.46668 0.914212 -0.371975 -0.0506941 0.515891 -0.0412608 0.112736 -0.167527 0.909223 0.576856 -0.737372 -0.202187 0.633227 -0.250917 0.947432 -0.885576 0.45581 -0.40856 0.478987 -0.639128 -0.868447 0.486818 -0.33444 -0.1982 0.515633 0.373918 -0.657287 0.139563 -0.653163 0.544872 -0.449484 -0.138056 -0.0402694 0.75714 0.531359 0.650356 0.221072 -0.0606814 -0.038884 -0.49923 -0.752378 -0.222997 0.0064162 -0.465252 -0.208633 -0.116499 -0.750202 0.404351 0.411311 -0.278899 -0.613846 0.059469 -0.0653535 0.897342 -0.849222 -0.897345 0.862826 -0.922365 0.716224 0.257728 -0.293094 -0.649405 0.588559 -0.66228 -0.863324 0.44902 0.116822 -0.319219 -0.0203832 -0.429308 -0.656317 0.218252 -0.629656 -0.0154673 0.62908 -0.432021 -0.842853 -0.369858 0.8381 0.932806 0.53978 -0.94584 -0.49485 -0.244347 -0.40318 -0.725106 -0.941707 0.330141 0.190213 -0.616649 0.459907 0.945194 0.434291 -0.553892 0.373429 -0.70693 0.900824 -0.294654 -0.750273 -0.144825 0.621379 0.822366 -0.0969986 -0.84865 -0.251663 -0.0616329 0.841275 -0.709018 -0.629474 -0.226136 0.245672 0.826837 -0.14687 0.177804 0.691944 -0.0476696 0.0502217 0.419303 0.0550957 0.851029 0.102961 -0.560109 0.279221 -0.669393 0.729115 0.0988798 -0.30305 0.177402 0.402228 0.855472 0.838952 0.120493 0.345441 -0.910681 0.775064 0.531146 -0.854765 0.228746 0.249479 -0.286688 -0.339031 -0.743272 0.676167 -0.103947 0.941972 -0.890913 -0.0915145 -0.575156 0.859909 -0.298449 -0.135497 0.9175 -0.43178 -0.0272712 -0.0153669 0.265286 -0.454328 -0.378728 -0.63274 0.829452 -0.698469 0.892591 -0.104374 0.596003 -0.223633 -0.626226 0.525564 -0.378153 0.767523 0.727316 -0.243688 -0.900871 0.784613 -0.746444 0.490468 -0.658474 0.505274 -0.14434 0.288764 0.158502 0.66295 -0.507243 0.519812 -0.459307 -0.24733 0.38127 0.426773 -0.850757 -0.464622 -0.84453 0.828853 0.645619 -0.345331 -0.412128 0.922015 
