DEPTH 9
BIASLOC 520
WIDTH -69511696 473 -889323486 -889323480 -69512224 473 -11173664 473 0 0 

INPUT_AVE 

OUTPUT_AVE 

DATA 587
0.449351 -0.337181 -0.399886 -0.762986 -0.47134 0.98247 -0.242579 -0.101074 -0.0741424 -0.223847 -0.491357 0.573811 -0.557926 -0.132299 -0.399261 0.273289 0.845506 -0.583386 0.486573 0.250206 -0.0662941 -0.662384 0.851977 -0.174292 1.0125 -0.888055 -0.248094 -0.465466 -0.1651 0.0826823 0.657783 -0.433695 0.155079 -0.0288533 0.475997 0.0575276 -0.0631548 0.110939 0.512305 0.833732 -0.469658 -0.616657 -0.181596 0.84557 -0.351877 -0.60419 -0.885945 0.29103 -0.539335 -0.90547 0.687265 0.736873 -0.516598 0.457457 -0.275547 0.249956 -0.099827 0.512852 -0.0516251 0.51699 0.195219 0.557892 -0.906509 -0.735718 0.902693 0.585315 0.122261 -0.727127 -0.360962 -0.0161657 -0.589003 0.0108607 -0.0839467 0.0245675 -0.938903 -0.0105643 0.326135 0.0323782 -0.789304 -0.354391 -0.0227647 -0.387069 -0.326465 0.439516 0.45892 0.818209 0.340673 -0.37352 0.506008 -0.821567 -0.385346 -0.781081 0.68502 0.846792 0.833546 -0.181268 0.889386 -0.240461 0.549672 -0.284865 0.443277 -0.290861 0.233723 -0.929192 0.562712 -0.00642086 0.883674 -0.46926 -0.448504 -0.788535 -0.308336 -0.944786 0.240934 0.646613 0.224837 -0.507423 0.563921 -0.0480568 0.849929 -0.213862 0.212767 0.685049 0.228317 -0.339766 -0.281327 -0.0541554 -0.0417914 0.130677 1.00121 -0.499576 -0.634907 0.947253 -0.598882 -0.00111776 -0.837325 -0.608125 -0.529842 -0.605091 -0.251494 0.277752 0.852136 0.357137 -0.950063 0.938248 -0.855699 0.42509 0.619598 -0.661622 -0.259743 0.317033 -0.872636 0.716565 -0.0388877 0.560964 -0.80588 -0.0356629 0.931933 -0.710131 0.883096 -0.809619 0.828548 -0.808098 -0.420392 -0.205114 -0.0241269 0.311503 0.536257 0.276142 -0.549946 0.460821 -0.866639 -0.559752 -0.814584 0.289344 0.929792 -0.595444 0.219223 -0.151114 0.000750373 -0.608249 -0.629835 -0.125819 0.478218 0.659725 -0.34575 0.764148 -0.5188 -0.115015 0.600711 -0.470001 0.187986 0.287493 0.603587 0.37451 0.785802 0.428331 -0.381828 0.454442 0.776617 0.286098 -0.222653 -0.878761 -0.411 -0.847419 -0.476332 -0.554449 0.735731 0.386431 -0.27875 -0.777965 0.2941 0.576092 -0.882175 -0.812218 0.758745 0.569612 -0.425729 -0.592339 0.0864678 0.29844 -0.680885 -0.0785923 0.687359 -0.358274 -0.762557 0.626437 0.808705 0.111287 0.0155202 0.566406 0.452367 0.577867 -0.488267 -0.513261 -0.108896 0.218309 0.0657443 0.40856 -0.740481 0.5697 -0.615782 0.0743686 -0.6406 -0.928483 -0.355996 0.860103 0.605435 0.889197 -0.22971 -0.694887 0.661871 -0.320727 -0.533084 0.275107 -0.33325 -0.967431 -0.215741 0.872823 -0.0403197 0.285796 0.909136 -0.124372 -0.079394 -0.540127 0.301843 0.219808 0.205144 0.689848 -0.771921 -0.0745368 -0.605161 -0.87875 -0.505943 0.148482 -0.986191 -0.131247 -0.175313 0.0890403 -0.509625 0.743935 -0.822168 0.345155 -0.483211 -0.00534083 -0.290053 0.405828 0.663547 0.257159 -0.856658 0.00983244 0.921698 0.182466 0.887249 -0.175768 -0.810443 0.525908 0.83792 0.248601 0.868307 0.282395 -0.782663 -0.41232 0.456371 0.458713 -0.787165 0.769751 -0.322529 -0.244786 -0.19083 -0.364677 -0.00640691 -0.464317 0.611778 0.205544 -0.372318 0.438287 -0.261933 -0.652509 0.586607 0.485256 -0.806586 0.894467 -0.288333 -0.663058 -0.703249 -0.0447344 -0.390845 0.274508 -0.193844 -0.221295 0.950421 -0.208072 -0.0819403 0.908408 0.924987 0.07985 0.889038 -0.7466 0.167818 0.570562 0.514378 0.492781 -0.896965 0.0675266 0.836413 0.069972 -0.198285 0.674409 -0.0842485 0.430297 0.186382 -0.249153 0.182972 -0.840545 -0.203273 0.0863151 0.339598 -0.616622 0.281671 -0.470394 -0.136442 0.307061 0.473034 -0.410889 0.873583 0.674027 0.144744 -0.508338 -0.461505 -0.112221 -0.296458 0.103529 0.298355 -0.0284523 -0.668615 0.23886 0.322046 0.444832 0.249516 -0.319786 -0.321887 -0.251323 -0.900154 0.905846 -0.844863 0.910691 -0.658699 -0.211151 0.558467 0.648426 0.558782 -0.396098 -0.807533 -0.58355 -0.286527 0.820553 0.188192 -0.50677 -0.577877 -0.61767 0.0914738 0.682295 0.498069 0.640968 -0.811859 -0.259663 -0.620436 0.250373 -0.68426 0.12381 0.246583 -0.659841 0.899159 -0.348191 0.721139 0.192098 0.854491 0.766535 -0.849404 -0.0873348 0.298823 0.408158 -0.667842 0.798712 0.770404 0.424523 0.956999 0.453696 -0.781014 0.374543 -0.17837 -0.90093 -0.777544 -0.139089 0.033691 0.0302335 -0.3478 0.826089 -0.594715 0.381702 0.743193 0.54727 0.0239895 -0.636502 -0.110987 0.56268 0.12064 0.867359 0.130338 0.187862 0.755295 -0.368437 0.66975 0.852013 0.844536 -0.809441 -0.774103 0.875678 0.213576 -0.619671 -0.0306515 -0.404993 -0.323491 -0.398766 0.412886 -0.746759 -0.282414 -0.733864 0.262789 -0.733552 -0.821955 -0.10042 0.473035 -0.206547 0.0334585 -0.506838 0.918406 0.645769 -0.845275 0.816125 0.476141 0.384145 -0.941129 -0.342128 0.0686697 0.589457 -0.2136 0.901338 -0.436382 -0.478632 -0.675683 0.131411 0.63482 -0.0750073 -0.133698 -0.146191 -0.18129 0.653632 0.0738229 -0.387482 0.0278078 -0.258191 0.38161 -0.466311 -0.628565 -0.647994 0.387996 0.39322 -0.139187 0.298467 -0.185285 -0.290394 0.718559 0.412424 0.237672 -0.485209 -0.121018 0.776959 0.79566 0.828617 0.84357 -0.1559 0.767704 0.842827 0.676373 0.415689 0.106187 -0.544478 -0.883878 0.357201 0.112248 -0.194167 -0.729171 0.593868 0.155963 -0.267263 -0.110004 0.392626 -0.517466 0.112816 0.539122 0.761278 -0.183457 0.309948 0.748269 -0.696541 -1.0187 -0.711437 0.774965 -0.854181 -0.25677 0.0936883 0.594827 0.522912 -0.39944 0.31112 0.414721 -0.74492 0.916416 -0.0877754 -0.405798 0.327786 -0.335892 0.655907 0.298331 -0.11179 0.185269 -0.633773 0.598201 0.385644 0.386178 -0.0350282 0.268852 0.400303 0.186285 -0.0933447 0.0771525 0.451889 0.502947 0.586091 0.582388 -0.00918714 -0.838996 0.0370931 -0.667671 -0.163789 0.649604 
