DEPTH 9
BIASLOC 520
WIDTH 6 8 8 8 8 8 8 8 8 3 

INPUT_AVE 0.00245667 0.0186009 0.0124798 0.00849958 0.278677 0.489359 

OUTPUT_AVE 0.494651 0.493053 0.484597 

DATA 587
-0.582286 -0.880081 0.938262 0.654503 -0.31967 0.900927 0.719202 0.223458 0.742218 -0.763503 0.156302 0.119789 0.674305 -0.13349 -0.225032 0.0587334 0.142286 0.652171 0.785516 -0.291621 0.105982 0.178057 -0.247474 0.853988 0.523344 0.642284 0.176724 -0.0753492 0.75149 -0.668957 -0.602371 0.839246 0.826031 0.0246128 -0.160169 0.853014 0.634047 0.452917 0.609342 0.265908 -0.100983 -0.397698 -0.47693 0.5538 0.531896 -0.232103 0.425557 0.742583 -0.748313 -0.591135 0.100706 0.0119581 0.829672 -0.275894 0.542372 -0.467954 -0.797422 -0.946995 0.241465 -0.175969 0.715483 -0.545909 0.384232 0.339077 0.511451 -0.273274 0.0534375 -0.729693 -0.826518 0.26446 0.756255 -0.548526 -0.612177 -0.880945 -0.853224 -0.703848 0.393751 -0.735667 0.836141 -0.332519 0.848267 0.577308 -0.738937 -0.945707 -0.580233 -0.512809 -0.735103 0.671456 -0.0605179 -0.112298 -0.334165 0.610524 0.698947 0.66179 -0.161389 -0.550435 0.514029 -0.737517 -0.457061 0.217588 0.890443 0.647656 0.747931 0.102134 0.0446194 0.94841 0.240203 -0.639121 -0.742942 0.703213 -0.501624 0.504511 -0.927512 0.798489 0.838561 0.858384 0.0280101 0.889702 -0.321583 -0.227385 -0.251222 -0.0869421 0.859711 -0.575489 0.514791 0.522368 0.159328 0.330215 0.541243 -0.12037 0.322253 -0.392274 -0.744725 0.77035 0.209447 -0.184152 0.393548 0.285735 0.263208 0.777016 -0.396635 -0.748509 -0.754189 -0.059355 -0.821184 -0.360087 0.401189 -0.785458 0.895737 -0.238992 -0.318831 0.913468 0.826862 -0.932765 -0.202086 -0.520493 -0.0836275 0.725154 0.798538 -0.624944 -0.267668 0.0154843 0.32735 -0.228911 -0.267491 -0.184612 -0.406481 0.531115 -0.621879 -0.277665 -0.606103 -0.174286 0.584332 -0.537495 0.56279 0.747127 -0.294852 0.221961 0.253736 -0.195927 -0.857613 0.115476 0.858049 -0.395589 0.326442 -0.305568 -0.028119 -0.364821 -0.904118 -0.421141 -0.695783 -0.778105 -0.117532 0.255107 0.724854 0.551243 -0.123498 -0.57936 -0.092484 -0.498796 0.723924 -0.922126 0.703118 0.324949 0.823898 0.0265949 -0.453246 -0.418075 -0.550111 0.725051 0.057825 -0.820256 -0.262334 0.38581 0.151648 0.525382 -0.810839 -0.413842 -0.495559 -0.691378 0.565893 -0.205077 -0.736006 0.501586 -0.352404 -0.17005 -0.281049 0.625647 0.563225 -0.451604 -0.514392 0.157449 -0.915069 0.296224 0.419037 -0.737404 0.945665 -0.787311 0.642114 -0.124064 -0.180227 -0.862714 0.81419 -0.0714972 -0.130445 -0.813393 -0.189446 0.852114 0.672202 -0.286151 -0.54351 -0.495336 0.755541 0.454271 0.89078 -0.131306 -0.0189872 -0.0746983 0.236752 -0.0890398 0.117421 0.241726 0.431765 0.0751292 -0.118597 0.226902 0.594223 0.0428094 0.516818 -0.674452 -0.261492 0.462846 -0.77457 -0.156896 -0.0453495 0.287952 0.47462 -0.920217 -0.218732 -0.240648 -0.804255 -0.404417 0.365247 -0.652518 -0.13537 -0.141497 0.421127 -0.0167935 -0.822717 -0.85001 0.419247 -0.678833 -0.305313 -0.616781 -0.0610841 -0.604844 0.888888 -0.183901 0.650201 0.454779 0.550062 -0.372184 0.25039 0.311091 -0.432894 0.0674706 -0.751994 0.924541 0.482014 0.845781 0.058078 -0.49111 -0.607878 -0.000265956 0.133715 -0.451452 -0.683996 -0.830078 0.2439 0.197096 -0.946974 -0.561946 0.665042 -0.27358 0.910893 0.670253 0.676763 -0.363704 -0.940619 0.709132 0.447742 0.566895 -0.740316 0.695975 -0.592814 0.281194 0.527476 0.722649 -0.611328 -0.900721 -0.295263 -0.670144 0.909761 0.730774 0.619135 -0.21334 0.562232 0.697459 -0.0565212 0.0236952 0.608462 -0.0664152 0.0814767 0.174747 0.540038 -0.165119 -0.268608 -0.00523102 -0.816366 0.492294 0.18535 0.754158 0.691112 0.426643 -0.656468 -0.266502 -0.466523 -0.776443 -0.18553 0.705229 -0.872915 0.889523 0.25438 -0.316341 -0.761539 0.407945 0.588301 0.0288977 0.445194 0.222617 0.0123267 0.465646 -0.317641 0.876788 0.223329 -0.890122 -0.723881 0.828984 -0.214764 0.326616 -0.799133 -0.131409 -0.683494 -0.712012 -0.0178292 0.72041 0.423524 -0.781348 -0.00616831 0.0505727 0.304362 0.329034 0.515384 -0.479099 0.234847 -0.907452 -0.881015 0.46332 0.679778 -0.247985 0.427523 -0.283162 0.225993 -0.0405196 -0.141849 0.78153 0.605657 0.00935888 0.428606 -0.41071 -0.793841 0.517446 -0.595528 0.336471 0.0469644 0.174499 -0.366209 0.0955941 0.141382 0.632502 0.120678 0.391359 0.801079 0.725679 0.119497 0.073112 -0.570343 -0.902644 -0.669648 0.410445 -0.550569 0.0840158 -0.556068 -0.360104 -0.254924 0.211304 -0.656397 -0.0530264 -0.804511 0.559643 0.108047 0.607598 -0.692363 0.121662 0.227561 -0.592245 -0.413199 -0.284138 0.428191 0.660168 0.106182 0.343012 -0.908237 0.0499876 -0.457334 -0.830701 -0.689696 -0.143937 -0.108292 -0.562018 -0.37061 0.204214 0.36136 -0.21262 0.453234 -0.304835 -0.00809151 -0.0412985 -0.052321 -0.117711 -0.20504 -0.133611 -0.0782248 0.236109 0.332984 0.764579 0.369919 -0.0996782 0.941317 0.507259 -0.677569 0.87518 0.344487 -0.494145 0.32598 -0.76436 -0.333048 -0.227073 0.415963 0.86956 0.292234 -0.369986 0.415663 0.689322 -0.916416 0.548329 -0.209656 -0.153813 0.591947 0.0872864 0.0858883 0.948687 0.13441 0.701035 -0.512692 -0.691779 0.395681 0.58845 -0.416691 0.892309 0.148074 0.882326 -0.516117 0.938086 0.646324 0.327501 0.100004 0.796536 -0.249897 0.430098 0.131994 0.889139 0.0252832 0.738471 0.807933 -0.0126521 -0.922564 -0.85997 0.168442 -0.841791 0.671994 -0.809631 -0.375096 -0.910589 -0.830214 -0.181884 0.313626 0.0175774 -0.640463 0.541094 0.541202 -0.541898 0.142901 0.769923 -0.220238 -0.829635 -0.459268 0.811767 0.0198852 -0.477886 -0.738025 -0.0108615 0.355508 -0.170078 -0.282553 -0.525033 -0.0824807 -0.056088 0.748941 -0.695309 0.780598 0.358445 -0.435571 -0.43473 0.934125 0.620867 -0.799152 0.115175 0.430978 0.387206 0.396529 -0.902214 0.294187 0.446452 0.680939 -0.216274 -0.173336 
