DEPTH 9
BIASLOC 520
WIDTH 6 8 8 8 8 8 8 8 8 3 

INPUT_AVE 0.00245667 0.0186009 0.0124798 0.00849958 0.278677 0.489359 

OUTPUT_AVE 0.494651 0.493053 0.484597 

DATA 587
0.246473 1.15344 0.441133 -0.117094 0.887837 -0.729185 -0.0237296 0.73589 -0.0765903 -0.395646 -0.578691 0.26826 -0.36033 0.212124 0.579396 -0.384624 0.876571 0.423132 -0.0682089 0.372112 0.211506 -0.385889 -0.122292 -0.281686 -0.470348 0.891242 -0.218884 -0.671837 -0.11214 0.676644 0.288879 -0.710064 -0.838449 -0.8146 -0.39844 0.724957 -0.25006 0.23237 -0.368312 0.53538 0.446055 -0.636666 0.665103 0.0639683 -0.734958 0.0242148 -0.012859 -0.0234236 0.174306 0.987315 -0.498948 0.0798407 -0.543752 0.557041 -0.201267 1.06708 -0.121492 -0.743295 -0.77408 0.820045 -0.771407 0.611988 1.16255 -0.399008 0.599526 0.905227 0.070786 0.77286 0.128697 0.620293 0.19785 0.743436 0.779732 -0.69666 -0.864034 -0.0833708 -0.425148 0.135705 -0.235637 0.514901 -0.209664 -0.686115 -0.455819 -0.369564 -0.000171157 -0.729304 0.331924 0.65628 0.305657 -0.376846 -0.810982 -0.3576 0.612097 0.598428 -0.240287 1.14106 -0.724293 -0.301651 0.134617 1.01815 0.226145 0.0699569 0.971531 -0.354888 0.78142 0.60881 -0.424592 0.429439 -0.0725585 -0.660124 -0.661966 0.848368 0.17994 0.717499 0.931884 0.00239516 0.3704 -0.0839721 0.172635 0.26419 0.0134691 -0.881395 -0.170524 0.730256 -0.383049 -0.923586 -0.261872 -0.512824 0.152746 0.942515 -0.076828 -0.701137 0.596043 0.969834 0.927374 -0.542065 -0.697315 -0.0362167 0.516071 -0.473577 -0.191172 0.507302 -0.380036 0.126805 0.0589307 -0.261012 -0.0657902 -0.39172 0.822433 1.01221 0.423636 -0.513481 0.37175 -0.720377 -0.577047 -0.409798 -0.247523 -0.959959 0.75089 -0.812498 -0.3277 -0.216549 -0.229325 0.544783 0.408451 0.527818 0.0716758 0.559709 -0.0485922 -0.515956 0.385307 -0.860833 0.348214 -0.00134033 0.0853533 -0.764215 -0.767404 1.31953 -0.246076 0.640022 0.510993 -0.0758719 0.399475 0.488355 0.254722 0.640136 0.0949156 -0.14286 -0.793946 -0.217228 -0.77802 0.0889067 0.681638 0.0252373 0.420106 0.932488 -0.782648 -0.980469 0.573012 -0.438933 -0.373903 0.617728 0.588368 -0.733783 0.737231 -0.542799 -0.272691 0.794764 0.173966 -0.32273 0.143422 0.157067 -0.436927 0.348341 -0.100743 -0.623578 -0.828146 1.1659 -0.184371 -0.624146 -0.278703 -0.607698 -0.12728 0.749673 0.389672 -0.951709 -0.294351 -0.427981 -0.516342 -0.487326 -0.330122 0.220979 1.03085 -0.369558 -0.650192 -0.393582 0.304092 0.185937 -0.20407 -0.663823 0.712688 -0.305822 -0.164578 0.216366 -0.347105 -0.946676 -0.320813 -0.942831 -0.340655 0.761691 -0.000601326 0.263403 0.633778 0.817225 -0.683312 -0.511065 0.636328 0.176001 0.0595092 -0.0177226 -0.628902 0.481415 0.387199 -0.42485 -0.331595 0.205272 0.655119 -0.160406 -0.693266 -0.100226 -0.885699 -0.424611 -0.0661271 0.802585 0.961646 0.167896 -0.346824 -0.335825 -0.495429 -0.367808 -0.381006 -0.561077 0.91307 -0.403099 -0.945062 -0.592604 0.200709 -0.882358 0.186978 0.698289 0.743098 0.762566 -0.670772 -0.873867 0.431658 0.869052 0.658686 0.930213 0.632797 0.873034 -0.478037 0.0809464 -0.436633 -0.0755705 0.791677 -0.584555 -0.167823 -0.194877 -0.774185 0.583524 0.408773 -0.79266 -0.65034 0.013909 0.439013 -0.191309 -0.316341 0.166157 -0.393073 0.293486 0.887165 -0.641179 -0.394646 0.165981 -0.588578 0.661003 -0.439088 -0.364595 0.19647 -0.517227 0.146201 -0.563397 -0.74362 0.536753 0.698952 0.931997 0.920066 0.396024 -0.0833166 0.735117 -0.0141147 -0.463962 0.39146 0.363405 0.952008 0.0176693 0.0739251 0.831101 0.512331 0.904354 0.531283 -0.830494 -0.362092 0.545385 0.604223 0.584464 0.378072 0.694926 -0.6471 0.0273055 0.749912 0.330244 0.773776 0.672989 -0.131794 -0.136153 0.645834 0.638487 -0.102474 0.0329264 -1.01596 0.321981 0.00764222 0.548712 0.57303 0.776122 -0.58277 -0.461202 -0.67 -0.538185 0.43856 -0.994285 0.557599 0.996932 -1.03962 0.468734 0.406821 -0.285346 0.461385 -0.381388 0.318767 0.512401 1.11515 0.0589092 0.866607 0.711238 -0.519392 -0.178595 -0.638745 0.54971 -0.759991 -0.384982 0.0214773 -0.038222 -0.275456 -0.531598 -0.327926 -0.643377 0.183781 0.393836 0.703465 -0.788259 -0.569437 0.330111 0.999351 -0.338426 1.0598 0.901685 -0.242208 0.600184 -0.841713 -0.533427 -0.0386271 -0.813526 -0.00901457 -1.03807 -1.02424 0.596879 0.258844 0.821251 0.667119 -0.435155 -0.839665 0.268385 -0.857758 0.337772 0.326616 -0.410188 0.675959 -0.808806 0.11194 1.13 0.221046 -0.630534 1.00573 0.516368 -0.662805 0.409668 -0.769387 -0.489954 -0.434704 -0.490471 -0.812178 -0.0497408 0.710643 -0.162692 0.626983 0.118477 -0.239047 0.282333 0.5213 -0.229272 0.0616976 0.346788 -0.508481 1.07883 -0.558647 0.695987 0.174152 0.199298 -0.548384 0.50578 -0.0351386 -0.227022 -0.685964 0.313859 0.11858 0.550123 -0.835998 0.914396 -0.779452 0.665997 0.6686 0.498895 0.863431 0.89254 -0.568362 -0.888032 0.168402 -0.128834 0.18848 -0.384359 0.694147 -0.529519 -1.08875 0.201216 0.401852 0.196289 -0.755514 -0.00140445 0.247353 0.208799 0.765693 0.148076 0.189676 0.442164 -0.130802 0.234067 -0.139324 -0.772174 -0.734119 0.494422 -0.838338 0.342169 -0.300842 -0.460933 0.558119 -0.303806 0.133078 -0.5492 0.568559 0.535581 -0.297625 -0.432099 -0.583081 -0.0477584 0.437101 0.699521 0.249334 0.855567 -0.256105 0.465971 0.112024 0.528753 -0.629528 0.696881 -0.468731 -0.698258 -0.691207 1.30557 0.491132 -0.699658 0.140568 -0.876619 -0.609497 -0.81256 -0.360035 0.6964 0.734637 0.297525 -0.0570931 0.090457 -0.725273 0.339707 -0.655462 0.80885 -0.7581 -0.526186 -0.613327 0.781636 0.60712 0.17732 0.829643 -0.279255 -0.878423 -0.36751 0.875159 0.811162 -1.29183 0.0124016 0.522904 0.845312 0.254573 -0.330832 -0.749265 -0.775205 0.446605 -0.161619 0.592984 -0.271816 -0.737993 -0.82191 -0.386586 0.557676 0.0313094 0.563369 0.302988 
