DEPTH 9
BIASLOC 520
WIDTH 6 8 8 8 8 8 8 8 8 3 

INPUT_AVE 0.00245667 0.0186009 0.0124798 0.00849958 0.278677 0.489359 

OUTPUT_AVE 0.494651 0.493053 0.484597 

DATA 587
-0.697661 0.501998 0.795013 -0.475827 0.569674 0.483289 -0.53886 -0.714922 -0.633995 0.337039 0.792865 -0.280614 -0.901733 0.804846 0.702133 0.728426 -0.867035 0.22807 0.763136 -0.68057 -0.340731 0.424725 0.800212 -0.0958985 -0.325357 -0.787858 -0.731671 0.940094 0.723499 0.277337 -0.21122 -0.102103 0.579269 -0.625221 -0.309952 -0.0923124 -0.527617 -0.154668 0.874362 -0.0426228 -0.894362 -0.350839 -0.514521 0.347827 -0.470158 -0.663573 0.074554 0.455341 0.422794 0.675825 0.79824 -0.444536 0.684429 -0.127014 -0.491766 -0.185008 0.722222 -0.129943 0.319068 0.665065 0.722784 0.127 0.231071 -0.0225368 -0.154156 0.907639 0.739368 0.789539 -0.33072 -0.0949717 -0.881373 -0.584611 0.671123 0.067546 -0.395316 -0.68977 -0.371954 -0.910625 0.209218 0.400377 -0.290868 0.920752 -0.821784 -0.913225 0.0506465 -0.57111 -0.200994 0.00412846 0.87036 0.253434 0.0239023 -0.879596 -0.126002 -0.498497 0.674088 0.186219 0.855842 -0.944321 -0.746616 -0.19177 0.804926 0.495469 0.774907 -0.138894 0.20084 0.311048 0.860654 0.630828 -0.877795 0.015554 -0.443871 0.248857 0.560333 -0.761332 -0.635591 0.589206 -0.888393 -0.885997 0.943016 0.164922 0.812159 -0.853469 0.486674 0.818596 0.31305 0.248085 0.71407 -0.174805 0.332679 -0.222277 -0.749477 0.437873 0.00131722 0.404713 0.390247 0.665214 -0.594865 0.48112 0.0917491 -0.0359372 -0.939268 -0.533478 -0.408682 -0.879343 -0.553271 0.934509 -0.827145 -0.0220702 -0.464726 -0.633778 0.710262 -0.327869 0.495431 -0.460851 -0.829659 0.130442 -0.511075 -0.698026 0.322711 0.132501 0.137906 -0.11858 -0.348521 0.188089 -0.115839 0.835666 -0.467725 -0.759154 -0.572211 0.376781 0.197945 -0.59914 -0.432092 0.034051 -0.347401 0.847515 -0.853208 0.0560569 0.889626 -0.741717 0.668875 -0.1573 -0.681755 -0.277531 -0.754555 -0.761776 0.379459 0.620332 -0.189287 -0.327317 0.732234 -0.529053 0.698089 0.589117 -0.154751 -0.243768 0.292725 0.686846 0.665136 -0.0314429 -0.870988 0.0763211 -0.717137 -0.276762 0.636679 0.392372 -0.733478 0.5237 0.926922 0.290219 0.735007 -0.557085 -0.868517 0.0878977 0.488308 0.431126 -0.118973 0.103291 -0.692024 0.508764 -0.681019 -0.348406 -0.624449 0.102248 -0.489744 -0.647451 -0.776903 -0.715361 0.519738 -0.36425 -0.438568 -0.0736604 0.0684708 -0.712368 -0.76306 0.0958344 0.845853 -0.307273 0.461725 0.946075 0.854771 0.191511 -0.173959 0.517117 -0.20551 0.288342 0.108466 0.480604 0.788288 0.0936025 -0.394415 0.0812474 -0.576115 0.693896 -0.848623 0.141242 0.915092 -0.707741 0.424405 -0.295057 -0.796281 0.487221 0.716024 0.751149 -0.256253 0.0896912 -0.780157 0.744222 -0.505444 -0.773771 -0.4728 0.457715 -0.230901 0.478085 -0.396169 -0.407354 0.837153 -0.931567 -0.878777 0.705056 0.369587 -0.51344 0.210362 -0.466437 -0.595133 0.857391 0.780611 -0.283405 0.726323 0.497152 0.658296 -0.565611 -0.245461 -0.373645 -0.0573629 0.0262731 0.847509 -0.758939 -0.164919 0.473094 -0.195009 0.166846 -0.0139739 0.598094 0.0432822 0.951657 -0.161173 -0.89194 -0.566828 0.538608 0.801547 0.7764 0.912736 0.0895504 -0.725857 0.255823 0.522259 0.806695 0.497485 -0.199742 -0.599118 -0.693885 -0.422025 -0.786859 -0.651487 0.670301 0.169989 -0.582871 0.95452 -0.211428 -0.195997 -0.0173452 -0.823397 -0.339189 -0.695488 0.568768 0.668381 -0.904874 -0.577212 -0.495468 0.207448 -0.429896 0.185035 -0.345002 0.341735 0.122127 -0.632293 -0.642298 -0.876784 -0.878417 0.331568 0.667004 -0.271628 -0.915853 0.161222 0.873774 -0.888592 -0.579032 -0.150454 -0.549723 -0.800605 -0.292614 -0.92601 0.608459 -0.783389 0.398702 -0.221106 0.110832 0.752203 -0.129997 0.897373 -0.689239 0.181077 -0.897299 0.131145 0.315612 0.932981 0.523292 -0.830499 0.579791 -0.770666 -0.421644 0.623351 0.548377 -0.290378 -0.0794488 -0.584052 -0.159662 -0.241966 0.0926486 0.645715 0.824599 0.215365 -0.587077 -0.751568 0.536329 0.927869 -0.536608 0.89433 0.590116 -0.287452 0.180294 -0.655435 -0.425218 0.715653 -0.297675 -0.601144 -0.800458 -0.733953 0.230772 -0.200568 -0.35332 -0.78054 -0.0704751 0.335869 -0.505843 0.0383061 0.526522 -0.807539 -0.195243 0.764321 0.216937 -0.366634 0.260215 -0.150273 -0.269691 -0.937129 -0.466329 -0.136465 0.503136 0.182787 0.342832 -0.224699 -0.129363 -0.733682 -0.219859 -0.871277 0.727323 0.55813 -0.923809 -0.249166 0.0313008 -0.906635 -0.932735 0.259112 0.34628 -0.350401 -0.482725 -0.4113 -0.554048 0.359594 0.0929369 0.189886 0.285391 0.670619 0.236413 0.332715 0.711933 0.619881 -0.627365 -0.852291 0.123345 -0.235437 0.339109 0.899729 -0.359264 0.247569 -0.0486086 0.739703 -0.829091 -0.611452 -0.930511 0.409786 -0.128174 -0.209486 -0.249182 -0.311667 0.420284 -0.865523 -0.00584322 0.100048 0.89196 0.11075 0.134549 0.804102 0.61083 0.765737 0.785917 0.102976 -0.0448407 0.59366 0.688813 -0.425317 0.0859402 0.566373 0.626942 0.468909 0.0229394 0.00294217 -0.748501 -0.643028 -0.151519 0.457376 0.526496 0.654131 0.474842 0.427336 -0.4839 -0.511613 0.691384 -0.0300668 0.902704 0.219402 -0.801202 -0.919526 0.686167 0.169033 0.647258 0.5274 0.903623 0.797847 -0.24032 -0.243082 0.011609 -0.596017 0.466383 -0.184628 -0.715937 0.941395 -0.407055 0.546526 -0.451563 0.384499 0.634817 0.33802 -0.0550805 0.380223 0.502653 0.244487 0.373816 -0.799164 0.389992 -0.0590019 -0.969699 0.474466 0.166249 -0.347508 -0.218511 -0.907231 -0.735499 0.225865 -0.4225 0.480984 -0.749229 -0.16892 0.158412 0.91687 -0.724562 0.21921 -0.364625 -0.64893 -0.220888 -0.378565 -0.719118 0.58972 0.0446974 0.780452 -0.142651 0.729063 0.564549 0.298797 -0.585663 0.761493 -0.0636678 0.363333 0.533735 -0.43081 0.304465 0.951818 0.842018 -0.0327674 0.233679 0.491865 0.557367 0.250935 -0.44536 -0.409285 
